0.4444006
0.3442182
0.4316754
0.3646059
0.2978588
0.3763147
0.4398034
0.488569
0.4460177
0.5656509
0.6387962
0.6162631
0.4958373
0.4944473
0.5045039
0.496425
0.4501821
0.4834429
0.5030014
0.4994531
0.5070184
0.4921992
0.4786823
0.4418896
0.4653752
0.4536307
0.4794303
0.4390122
0.4587408
0.4797789
0.4687504
0.4694254
0.4469213
0.415449
0.3839744
0.3797803
0.4453454
0.3383291
0.3195662
0.3437789
0.4312044
0.3442961
0.4183424
0.3998654
0.4380223
0.4433358
0.4483349
0.4326115
0.451079
0.4390255
0.488579
0.4795906
0.5132463
0.513998
0.5437402
0.590143
0.6169795
0.5931686
0.6091992
0.6436586
0.6473106
0.6643227
0.6961073
0.6881913
0.7114001
0.7371796
0.732224
0.7482859
0.7295124
0.7415974
0.6590609
0.6580987
0.5617308
0.5673755
0.5614551
0.5491215
0.4463008
0.4124416
0.4300337
0.4548835
0.316373
0.3605596
0.3581188
0.4200454
0.3963863
0.444694
0.3883172
0.3510706
0.3506732
0.3779783
0.4108444
0.4151566
0.4165207
0.4799306
0.5322259
0.5740254
0.6505779
0.6760623
0.5618439
0.5614404
0.5166942
0.4859998
0.5060094
0.5306986
0.5262886
0.4973066
0.4909985
0.5220481
0.4825273
0.4730928
0.5009217
0.5242136
0.4864866
0.4709317
0.459108
0.4103609
0.3802934
0.3964125
0.3897153
0.381393
0.372449
0.3511032
0.3293215
0.3274622
0.3646666
0.3962523
0.3989663
0.4075731
0.3517318
0.417023
0.4183602
0.3296364
0.2491173
0.2516022
0.2708262
0.3771837
0.4247901
0.4746932
0.465882
0.4975933
0.4907789
0.4767452
0.4505363
0.4147433
0.4451434
0.5000035
0.5559096
0.4635046
0.4695129
0.482183
0.4365419
0.5045676
0.5259711
0.5824221
0.5131454
0.5432384
0.4645791
0.4506579
0.3688039
0.3874246
0.442346
0.470273
0.5510092
0.5666689
0.4826269
0.4068233
0.4714035
0.4782437
0.4832152
0.5203291
0.4731985
0.4947547
0.5263375
0.5165657
0.5019294
0.5442873
0.5623802
0.5944749
0.5419011
0.4816854
0.4824063
0.4892125
0.4776851
0.4409214
0.3929892
0.3879184
0.4520256
0.4439575
0.4998241
0.4500547
0.4210704
0.4002005
0.4114851
0.3958323
0.4113081
0.4748989
0.4875205
0.4509458
0.3974231
0.476399
0.4392431
0.4504152
0.4129753
0.4823969
0.5039739
0.4958199
0.4454991
0.4369907
0.4717514
0.4099632
0.3907861
0.4234801
0.363207
0.4050544
0.3952179
0.4477214
0.472203
0.5238622
0.4310555
0.3802172
0.361959
0.4251733
0.477571
0.4965017
0.4627594
0.5397459
0.5799751
0.5631385
0.5360151
0.5077952
0.5231746
0.5184285
0.4860332
0.5267634
0.5365485
0.5231657
0.5290751
0.6068904
0.5942373
0.5442822
0.5098298
0.5170165
0.5255466
0.5660675
0.561619
0.5945909
0.5971322
0.5702201
0.5881611
0.5266618
0.5286272
0.4565009
0.4628398
0.5052743
0.6025043
0.5333149
0.5417446
0.4716436
0.5269314
0.5171556
0.4887453
0.4995426
0.5359541
0.5067437
0.5000453
0.5036762
0.5590593
0.5822774
0.5234937
0.5019991
0.4550819
0.4065874
0.3728532
0.3930419
0.4298266
0.4260612
0.3468717
0.3541126
0.3854743
0.4088221
0.399892
0.3768814
0.4061305
0.4180332
0.353527
0.384144
0.3868236
0.4136585
0.3790522
0.3962084
0.4282518
0.4478457
0.4427617
0.4553103
0.5142556
0.49059
0.5197959
0.5196169
0.5089788
0.4768378
0.4514636
0.472762
0.4406508
0.4243136
0.4065869
0.4230389
0.400483
0.3453538
0.3830527
0.3991665
0.3819648
0.4071192
0.4106128
0.4264452
0.4497067
0.4137852
0.4055414
0.3932895
0.3252938
0.4281475
0.4439626
0.4656827
0.462933
0.5396662
0.5728548
0.5614213
0.5709344
0.5840292
0.621156
0.4937179
0.46979
0.3983931
0.3762265
0.4281862
0.5089136
0.5381654
0.5760627
0.555558
0.6180637
0.6157478
0.6099805
0.6197981
0.6125351
0.6220059
0.5742303
0.5571403
0.5616233
0.5499313
0.5329638
0.4829601
0.4552367
0.3891379
0.3901975
0.4011121
0.4238234
0.391424
0.4209864
0.4160307
0.350626
0.3023836
0.344326
0.3427992
0.3650232
0.3535395
0.300403
0.3273175
0.3530349
0.3696869
0.4433875
0.3852482
0.3828284
0.4038598
0.3934825
0.4399828
0.4247732
0.4095455
0.3802969
0.3907517
0.3810943
0.426121
0.4336998
0.45631
0.4918446
0.5362598
0.3868899
0.3860186
0.453879
0.4784948
0.5232776
0.4975932
0.5261353
0.5349665
0.6156768
0.4861544
0.5506892
0.6096946
0.5314962
0.435825
0.4115105
0.4136013
0.3946124
0.4730748
0.5034638
0.4267254
0.4741485
0.5739652
0.551109
0.4728051
0.4622767
0.4959471
0.4068504
0.4640509
0.4116331
0.4545068
0.5371711
0.4817282
0.4116276
0.4793134
0.4442913
0.4771522
0.5075998
0.5393899
0.5983849
0.5186769
0.5663022
0.5525329
0.4720172
0.4601586
0.4198684
0.4289571
0.4136047
0.3788934
0.3707551
0.3181024
0.3307174
0.3327349
0.3675934
0.351815
0.3405615
0.360591
0.4037578
0.3602836
0.3694858
0.3496365
0.3973336
0.5098739
0.4663328
0.4978806
0.4938908
0.4218806
0.4695221
0.4720097
0.4433251
0.4765595
0.457838
0.4604999
0.452067
0.4900414
0.4841131
0.4672488
0.4420978
0.4513543
0.4472325
0.415482
0.3684192
0.3770398
0.3597905
0.4282959
0.428353
0.5019698
0.5361439
0.5899799
0.5460865
0.5642425
0.6255254
0.6039982
0.6305852
0.5890788
0.5714519
0.570423
0.5755462
0.5013471
0.4912588
0.4857155
0.5679913
0.527961
0.5115149
0.4893869
0.4664217
0.4777421
0.4291676
0.4289755
0.3934576
0.5245547
0.5078106
0.5371015
0.4855178
0.519723
0.5931136
0.5944347
0.5732497
0.6183266
0.611888
0.6419987
0.6331232
0.5838987
0.5407446
0.4516175
0.4815974
0.4603674
0.4710341
0.4713182
0.5118884
0.4910024
0.4676525
0.4801447
0.4618246
0.5194782
0.5291091
0.5542199
0.5148379
0.5207267
0.51209
0.5050647
0.5104747
0.5242037
0.5028638
0.5024427
0.534317
0.5233091
0.4896273
0.5040791
0.452094
0.519944
0.5883815
0.6204937
0.6013433
0.5859119
0.5696865
0.5638904
0.6670392
0.6767009
0.6465572
0.5974079
0.5654398
0.5385124
0.5935622
0.5005411
0.4336507
0.4177816
0.4393576
0.4265452
0.4396007
0.4074315
0.4086141
0.402364
0.3427549
0.3440297
0.3970891
0.3564465
0.3561131
0.4011943
0.4330781
0.4497463
0.4134736
0.398306
0.3306523
0.259055
0.3128123
0.3599882
0.3457646
0.3985558
0.306628
0.4398587
0.4645611
0.5082844
0.4800363
0.5958953
0.5720608
0.4781164
0.5186452
0.5142007
0.4136896
0.4648456
0.4871614
0.4564539
0.4540246
0.5457481
0.6223036
0.4294701
0.4812008
0.4913197
0.4803632
0.5257727
0.5559176
0.5271939
0.4729364
0.5113588
0.4693947
0.5025177
0.4485637
0.3957265
0.3599981
0.3675099
0.3685933
0.4558028
0.4687176
0.4974211
0.4703154
0.5196015
0.5499947
0.5523588
0.5929502
0.4288445
0.4472925
0.3923367
0.359636
0.3815589
0.4516852
0.4959027
0.4102022
0.4443393
0.4271982
0.4203417
0.4018883
0.3723434
0.4634139
0.4115485
0.4164434
0.4475314
0.5392849
0.3397092
0.3806296
0.3784449
0.416074
0.3465122
0.4547925
0.4829429
0.3947221
0.3961826
0.3715303
0.4202824
0.3879535
0.4178751
0.4612455
0.4725346
0.439454
0.3927798
0.361452
0.4050376
0.4204931
0.4201319
0.4763495
0.4420457
0.4132697
0.4080094
0.3869404
0.4292392
0.4002272
0.3991868
0.375868
0.4302998
0.4371929
0.4965937
0.4958699
0.4734284
0.5064776
0.4442796
0.4597155
0.4615471
0.5078566
0.5008664
0.488019
0.5075615
0.5432444
0.5617881
0.607076
0.5998039
0.6284235
0.6184921
0.6123383
0.5536718
0.4870106
0.4672438
0.4743782
0.481001
0.439724
0.4724326
0.4675029
0.5059288
0.5631049
0.5446186
0.4939306
0.4935135
0.4645492
0.4757975
0.449077
0.419883
0.3851513
0.4249263
0.4849542
0.4725996
0.4998982
0.5702134
0.5356602
0.5274744
0.5408347
0.5326534
0.5286727
0.5352305
0.5204149
0.4847991
0.4615412
0.4396881
0.3846847
0.3815199
0.5087858
0.5168215
0.5322002
0.4897852
0.4223852
0.4713109
0.5327589
0.4607173
0.416866
0.48201
0.4351391
0.431383
0.4486192
0.5190875
0.4658251
0.4052489
0.3627301
0.3457425
0.3452508
0.3414511
0.368828
0.3121075
0.3344029
0.3183214
0.3022483
0.2993673
0.2819068
0.3111807
0.3243542
0.358034
0.4203586
0.4248366
0.4922852
0.4522581
0.4251114
0.453992
0.4397708
0.4465492
0.5151358
0.5171898
0.5598733
0.5595262
0.5839316
0.5570501
0.507218
0.5018394
0.4697709
0.4605687
0.4738365
0.4896243
0.4774572
0.4388421
0.447352
0.4764291
0.4942344
0.4663538
0.4941825
0.4646867
0.4315055
0.4199898
0.4095686
0.3968735
0.4210962
0.4212039
0.4272436
0.4781548
0.605727
0.6211159
0.5636424
0.5729667
0.5697039
0.5890491
0.5417922
0.6272515
0.6201627
0.5452458
0.5775466
0.5176173
0.5219297
0.5329426
0.5498597
0.5358263
0.5162716
0.522365
0.5760134
0.5457069
0.5568663
0.6225315
0.5604358
0.5600198
0.526005
0.5249827
0.4902071
0.5308378
0.467429
0.4735153
0.4316619
0.4509923
0.3724101
0.3661139
0.3550094
0.4330605
0.4096113
0.3876282
0.3941451
0.3102529
0.3393661
0.3580492
0.3509159
0.3758829
0.404132
0.4074159
0.4498929
0.464299
0.4644778
0.4224331
0.4246766
0.4124251
0.4108828
0.4198905
0.3781285
0.4007284
0.3817266
0.4051704
0.3401979
0.3899651
0.4185676
0.4884481
0.5218139
0.5285301
0.4943385
0.4516689
0.4013218
0.4254631
0.5229155
0.5100622
0.5135654
0.5349386
0.4976808
0.5448339
0.5791191
0.526867
0.5185032
0.5482161
0.5441657
0.5149332
0.480333
0.4263703
0.4197879
0.4858252
0.6536233
0.5806959
0.5458538
0.5019027
0.5572445
0.5007993
0.5210877
0.5708824
0.609861
0.531801
0.4822553
0.497803
0.4722752
0.4836193
0.4602519
0.47376
0.453274
0.5219283
0.5134493
0.4503758
0.4346335
0.3754976
0.403853
0.3994417
0.4058209
0.3688567
0.3493675
0.4172958
0.3942111
0.5541687
0.5910944
0.5518171
0.5124628
0.4230396
0.5967247
0.6377423
0.5699594
0.6192121
0.5726883
0.4808988
0.4154112
0.5280145
0.4066198
0.4429276
0.4617337
0.5390866
0.5246544
0.4942549
0.4359573
0.4549002
0.5011211
0.5533129
0.5747268
0.6426652
0.6918899
0.6809765
0.7490244
0.6614563
0.7100294
0.6696704
0.6784806
0.63018
0.5547257
0.5754869
0.4859138
0.5608621
0.5921702
0.6297378
0.5918154
0.5756247
0.5515911
0.5723019
0.6481839
0.6843995
0.7151098
0.6084224
0.5070463
0.5508677
0.5075301
0.5101339
0.4708167
0.4929681
0.4717007
0.52316
0.5114107
0.4855104
0.475488
0.5229568
0.4938327
0.48089
0.4554819
0.4610928
0.4576204
0.4297506
0.4877343
0.5069766
0.4798278
0.4590203
0.4679964
0.4671558
0.4494216
0.5162629
0.535364
0.6577882
0.6255978
0.6589926
0.6350144
0.6335028
0.5983337
0.5296225
0.3942856
0.3571636
0.3712736
0.3872561
0.404177
0.4924
0.4654192
0.5151758
0.5006343
0.5600278
0.5572976
0.5461021
0.5366779
0.4758144
0.4285518
0.4401038
0.4124116
0.4800425
0.5632424
0.5525174
0.5446685
0.592816
0.6226088
0.5257509
0.5646856
0.5898646
0.6054083
0.6037138
0.5917323
0.5945044
0.5637242
0.5897974
0.5758619
0.6144518
0.557011
0.5615324
0.4352175
0.3681222
0.3932729
0.4495316
0.4401901
0.4041398
0.4308781
0.3916366
0.3661454
0.3152837
0.3214727
0.3471874
0.3035763
0.3540337
0.3487475
0.3425424
0.3173378
0.345933
0.361625
0.3415719
0.3616557
0.3696794
0.3564366
0.3449659
0.3626417
0.3762583
0.3750557
0.4181463
0.4711688
0.4469522
0.5020538
0.4843545
0.4299197
0.4094904
0.4380668
0.4546583
0.4693935
0.4552683
0.4313365
0.4536155
0.4263971
0.4074828
0.3992438
0.4438804
0.4966808
0.5031129
0.4677462
0.4792578
0.5061056
0.4974405
0.3571795
0.3758976
0.4360816
0.4218353
0.4316174
0.4518628
0.4220006
0.366271
0.382763
0.3764515
0.5015747
0.5288325
0.5342486
0.5566426
0.5536054
0.6076921
0.5384047
0.5107046
0.4216715
0.3955092
0.4580451
0.4649401
0.5247181
0.52963
0.4970154
0.5186993
0.5238564
0.4734125
0.503705
0.5101791
0.5154576
0.5117245
0.5186619
0.4972469
0.4814197
0.4979227
0.503165
0.5044705
0.5213502
0.5243167
0.5216619
0.4862153
0.531698
0.5422204
0.4940726
0.5090317
0.5455121
0.5520801
0.5274908
0.4896434
0.4514139
0.4349577
0.3772656
0.3513371
0.3307716
0.2860477
0.3714252
0.3676627
0.3581107
0.3090111
0.3477696
0.3718019
0.4039677
0.4697283
0.4926698
0.5558916
0.6079307
0.5607229
0.5419822
0.5530996
0.5140724
0.5030886
0.5365394
0.5005594
0.5279855
0.5202771
0.5078283
0.4170015
0.413051
0.4724493
0.4917791
0.4742689
0.4568687
0.4399565
0.4938774
0.4431819
0.4609882
0.4448234
0.4876826
0.4190589
0.4176513
0.4826982
0.5055807
0.459577
0.4737971
0.5652717
0.5630379
0.5715363
0.6244522
0.6730166
0.5773319
0.5463236
0.4641321
0.4866057
0.5260259
0.5218288
0.5811598
0.5238456
0.4874694
0.5092591
0.4464474
0.4947017
0.5332592
0.5410537
0.56274
0.5526585
0.5155809
0.4975039
0.4790294
0.5116783
0.5111476
0.4831377
0.4654993
0.4480336
0.5304952
0.5543739
0.5348659
0.481351
0.4844351
0.4723333
0.409212
0.4219186
0.399979
0.3711943
0.3409854
0.3702801
0.3914272
0.4320578
0.4250417
0.401722
0.4583623
0.4522216
0.4345416
0.3866532
0.3628698
0.3915771
0.3764965
0.3256142
0.3083562
0.3736351
0.3632799
0.3700689
0.3425665
0.3611626
0.3976612
0.4885776
0.4327327
0.3680171
0.3247775
0.4532735
0.5195498
0.6163746
0.5683415
0.4539306
0.3864806
0.4002203
0.3736857
0.3158549
0.3594203
0.3771051
0.3947223
0.3536306
0.4094381
0.4387081
0.421839
0.3730491
0.4016967
0.4218663
0.4373538
0.4682146
0.5078591
0.4801052
0.4616423
0.4045663
0.3241165
0.3805425
0.3487808
0.3628282
0.4797213
0.4647405
0.4602351
0.4075747
0.434398
0.4400494
0.43478
0.4430003
0.4151253
0.4006211
0.4756909
0.4335891
0.4973784
0.5091548
0.5178172
0.4900195
0.4444553
0.4301411
0.4148434
0.4599302
0.4827966
0.4068803
0.3796431
0.3766266
0.4445724
0.4039101
0.3194395
0.3813707
0.348205
0.3513115
0.3752492
0.4256154
0.3929677
0.4595913
0.4934586
0.5531894
0.5303397
0.5580501
0.4480947
0.4512072
0.4611864
0.4480638
0.444785
0.4199736
0.3616451
0.4011406
0.4240492
0.4273636
0.4450147
0.474219
0.5129171
0.5312909
0.5028081
0.4992515
0.480942
0.4259217
0.4834709
0.4417565
0.4628684
0.5011159
0.470811
0.4602153
0.378306
0.301364
0.3541779
0.3476872
0.3384034
0.4317054
0.5302163
0.5955986
0.6282938
0.6427842
0.5865934
0.6282166
0.6221082
0.532596
0.5567879
0.5537547
0.6110496
0.5610518
0.5467746
0.5226962
0.511964
0.4951914
0.3983546
0.3744941
0.3500284
0.3682067
0.3716916
0.4113539
0.4011742
0.3656359
0.368468
0.332051
0.3083336
0.2497564
0.2569953
0.2811909
0.3756485
0.3791629
0.4068181
0.3694444
0.3117828
0.399997
0.3772149
0.3592138
0.4268853
0.4306923
0.4191086
0.3862727
0.3734258
0.3928671
0.4103708
0.4373796
0.4354794
0.4599065
0.4192612
0.4228656
0.4480203
0.486734
0.4991475
0.4435803
0.4466
0.4383913
0.4281471
0.4570223
0.4789847
0.4228617
0.3888984
0.4097616
0.3995692
0.4568415
0.4584277
0.3872974
0.4017584
0.4524857
0.5236387
0.5260246
0.4808458
0.4916411
0.4779066
0.4765104
0.488422
0.5305181
0.5570859
0.5662228
0.5282457
0.4575787
0.3982139
0.428048
0.4254321
0.4661364
0.4229089
0.4138248
0.3492878
0.4603403
0.4480027
0.4878375
0.5515479
0.6503746
0.6538994
0.6242761
0.6469992
0.6956594
0.6575329
0.6164591
0.6032621
0.5386437
0.5191391
0.4970157
0.5375416
0.490867
0.3804388
0.341819
0.3714883
0.3619035
0.3281092
0.3364159
0.368483
0.3865663
0.4259939
0.3911519
0.3912653
0.3943378
0.4535174
0.3856293
0.3660054
0.3652796
0.4147712
0.4531693
0.3199618
0.2903351
0.2152983
0.21709
0.2320822
0.2642314
0.2729012
0.3033333
0.3450453
0.3793244
0.3048963
0.3931545
0.5499584
0.6305859
0.5534253
0.5072669
0.5618393
0.5819325
0.6524351
0.6143912
0.4861979
0.4667168
0.4256631
0.4774127
0.5689833
0.5686273
0.514354
0.4487182
0.4392467
0.4384542
0.4531433
0.3809473
0.3605703
0.5098104
0.5382854
0.4810201
0.4920174
0.5160709
0.5264936
0.5026478
0.4806455
0.4982543
0.5250636
0.5458224
0.5486601
0.5168877
0.5500763
0.5841595
0.6523975
0.7525711
0.7784356
0.6973544
0.6955485
0.6855614
0.680142
0.664292
0.6527633
0.6400387
0.6881882
0.7100944
0.7303151
0.7219301
0.7153223
0.6455673
0.6674118
0.697542
0.711475
0.6283423
0.5115913
0.5099615
0.5592204
0.5836587
0.5441164
0.445461
0.3703247
0.4728706
0.474862
0.4863547
0.5475883
0.5354789
0.4445505
0.504874
0.4691535
0.5998271
0.5963551
0.6924125
0.6247451
0.6337601
0.6076999
0.5974341
0.5419874
0.5493162
0.5303982
0.5702137
0.6108168
0.6004602
0.5447913
0.5384813
0.4864332
0.4641432
0.4673737
0.4367843
0.4398658
0.4653838
0.4554244
0.5045909
0.5392045
0.4281239
0.4661394
0.3857032
0.3138889
0.3002678
0.4382272
0.456866
0.3699855
0.3893147
0.4044274
0.4252699
0.4831447
0.4848641
0.4364824
0.4121155
0.4602865
0.5343427
0.6088618
0.6153069
0.6107581
0.5640622
0.5710725
0.637904
0.6107199
0.6585936
0.627171
0.6027666
0.5865765
0.6335796
0.5779825
0.6098631
0.6509394
0.6208343
0.6221732
0.69655
0.6758855
0.6375239
0.6654316
0.6673206
0.66417
0.632051
0.5657514
0.6061302
0.5629697
0.5532391
0.4908363
0.5436228
0.5827761
0.5680148
0.5200771
0.4728395
0.3933085
0.3596218
0.3658741
0.3900757
0.432919
0.4398882
0.4710762
0.5003392
0.4470893
0.455793
0.4237981
0.4667689
0.4271979
0.4139773
0.3989472
0.3947131
0.402522
0.4258325
0.5011468
0.5103744
0.5129412
0.5483992
0.4918164
0.4854504
0.4526643
0.3387207
0.3911406
0.3679944
0.3736424
0.4161268
0.3851372
0.2862299
0.1790605
0.1590386
0.2037651
0.2970784
0.2834526
0.3715581
0.4131698
0.4423661
0.4573282
0.4809539
0.5433447
0.5774857
0.5635661
0.6071709
0.6599333
0.4958365
0.4395824
0.4422662
0.2985348
0.3336457
0.4816679
0.4774969
0.571042
0.4398011
0.4347451
0.5322467
0.4478086
0.3842993
0.3207931
0.2666816
0.3453824
0.3741031
0.3355659
0.3513977
0.4713935
0.5698079
0.7276892
0.67197
0.6339865
0.642649
0.5603249
0.5718735
0.5058563
0.4681629
0.4008548
0.4538609
0.4704204
0.488891
0.5265554
0.50204
0.5419591
0.542934
0.5699974
0.5694463
0.6192428
0.5713673
0.6098826
0.5704849
0.545902
0.5486044
0.5687644
0.5200611
0.505335
0.4955251
0.5336937
0.5349929
0.4837241
0.5645905
0.5274185
0.4699957
0.5173144
0.5705353
0.5794405
0.523333
0.5628605
0.6226082
0.6187515
0.5422523
0.507391
0.4586219
0.4800148
0.4433216
0.4061602
0.394371
0.4443986
0.3857156
0.2746607
0.3566436
0.4533718
0.4089009
0.3112831
0.3223951
0.3441701
0.3404611
0.3528129
0.3680194
0.4363607
0.3775484
0.4097532
0.3980275
0.4388982
0.5083517
0.506586
0.4889575
0.4447975
0.427904
0.4741858
0.4562776
0.4360818
0.4402814
0.4723221
0.4706728
0.4715013
0.4914255
0.4700023
0.4245056
0.3979868
0.3791263
0.3863949
0.3525307
0.3357351
0.3334297
0.3273055
0.3020787
0.341201
0.3635695
0.4006577
0.3888023
0.4132561
0.3769435
0.3975791
0.3663916
0.4045677
0.4650593
0.4808792
0.4882034
0.5347718
0.5428596
0.4987338
0.4830875
0.5157044
0.5321649
0.5569739
0.5171224
0.5204647
0.5464256
0.5391968
0.55644
0.543818
0.5351896
0.4756941
0.4825916
0.4921238
0.4655609
0.4558811
0.4364479
0.425095
0.4602305
0.4514008
0.4258408
0.4189036
0.4220171
0.3885503
0.4097001
0.4646453
0.4028556
0.4674797
0.5010213
0.6293641
0.5859016
0.5562854
0.507042
0.5470539
0.5847098
0.6445485
0.6399433
0.6104074
0.5419677
0.4873207
0.4589129
0.4596758
0.4603372
0.4446491
0.3944153
0.4606394
0.4660524
0.5020931
0.5132299
0.5220512
0.5480961
0.5471762
0.5605994
0.5503124
0.52577
0.5372917
0.5705649
0.5474611
0.5341759
0.5725322
0.6151473
0.6225628
0.6115127
0.6137009
0.5720871
0.5508328
0.5515892
0.5451516
0.5452776
0.5716578
0.5404688
0.5388895
0.5196121
0.5229251
0.4740532
0.4859612
0.4992575
0.5436908
0.5463613
0.5637141
0.6192254
0.6269845
0.6150262
0.5618238
0.555293
0.5308557
0.5028595
0.5257732
0.4914746
0.5018213
0.4680419
0.4538791
0.5215574
0.5138147
0.4753457
0.5171282
0.4989064
0.5125499
0.4600637
0.4699057
0.4354335
0.4728785
0.5220548
0.5184454
0.4309608
0.4795053
0.4129183
0.4388371
0.3419721
0.3854645
0.3385455
0.3991307
0.5064653
0.4713354
0.4545838
0.3324891
0.4156825
0.4445592
0.4001635
0.3029501
0.3235977
0.4346503
0.5206612
0.491086
0.3930698
0.4034426
0.3829017
0.3985278
0.4949705
0.4870987
0.4867977
0.5089121
0.5493013
0.5756112
0.5379475
0.6028176
0.6302064
0.6546081
0.6041101
0.5501736
0.5152365
0.4782059
0.5085808
0.5239491
0.5445949
0.51757
0.4955909
0.4307896
0.4219652
0.4570626
0.4432284
0.4909902
0.4874128
0.4373045
0.4089758
0.5284011
0.5628078
0.5768275
0.5084612
0.4908981
0.5359433
0.5322526
0.4642473
0.5201717
0.4828589
0.5147953
0.4953025
0.550623
0.5786064
0.5797524
0.5382258
0.5055927
0.486404
0.4798724
0.4385914
0.4359696
0.4293334
0.4297493
0.4216822
0.4102561
0.4417123
0.3969533
0.3610343
0.3315555
0.3407278
0.3791874
0.3812608
0.3949242
0.3767164
0.3307864
0.3493588
0.3544067
0.3879486
0.3801766
0.4532221
0.4794041
0.410849
0.440664
0.4682451
0.4157451
0.4477984
0.466646
0.4939446
0.4914851
0.4915383
0.4906725
0.5313255
0.5458751
0.5329656
0.4993694
0.5521589
0.5356955
0.5027392
0.5051105
0.5510415
0.5639866
0.4827855
0.3950876
0.3984039
0.3482684
0.3671995
0.4080106
0.3659333
0.3985294
0.398863
0.3667878
0.4047622
0.405098
0.4177124
0.4378303
0.4156768
0.3944224
0.4154729
0.4093027
0.4834442
0.4862722
0.5211586
0.5392205
0.5229648
0.4455287
0.4274566
0.4182548
0.3863831
0.3227466
0.3605232
0.4187052
0.353879
0.4099785
0.399432
0.4552215
0.4676192
0.4700389
0.5310493
0.4969983
0.4570261
0.4401338
0.5419022
0.4963613
0.519998
0.5422849
0.5551751
0.528354
0.5640204
0.5435508
0.505375
0.5214156
0.5453505
0.5281082
0.4521151
0.4140651
0.3803352
0.3700256
0.3468314
0.3386004
0.374828
0.4243811
0.4564107
0.5034321
0.5094452
0.5277751
0.5542384
0.5548634
0.5661152
0.5848197
0.5844208
0.5668498
0.5601914
0.5395589
0.5045466
0.462524
0.5004551
0.5178789
0.475094
0.4417297
0.4761582
0.4535426
0.3752743
0.3417706
0.3672755
0.3839509
0.3699708
0.3783487
0.3786668
0.3765537
0.4129502
0.5176971
0.5189604
0.502506
0.4960765
0.4425893
0.3555228
0.3486424
0.4239296
0.4003092
0.3838969
0.4317506
0.401282
0.4949026
0.5267487
0.4872124
0.5640754
0.6200698
0.5464879
0.5837506
0.5040173
0.5007801
0.5338213
0.5181831
0.5190997
0.4812954
0.4571275
0.4012656
0.3913413
0.4318148
0.4743266
0.4725728
0.522165
0.4757023
0.4932988
0.5047864
0.4793232
0.5780623
0.5869082
0.5925497
0.5439071
0.4656061
0.4807539
0.5098332
0.4893148
0.5223096
0.4830171
0.4767448
0.4896426
0.5285167
0.5164446
0.4572477
0.4452697
0.4272132
0.4582283
0.4802134
0.4515023
0.4524343
0.3903858
0.3559184
0.3926615
0.4303516
0.4640783
0.4403298
0.4593065
0.4545812
0.3937182
0.361464
0.32316
0.3970386
0.4830162
0.4542302
0.5147691
0.5897953
0.5827827
0.6545078
0.660455
0.6210387
0.665332
0.5936465
0.5741358
0.537722
0.5540756
0.5547883
0.4861314
0.5063143
0.4834523
0.4944681
0.4718061
0.4002394
0.4028799
0.3977352
0.4356005
0.3179539
0.3780004
0.4280548
0.4172652
0.4596784
0.4647238
0.4663896
0.3772378
0.3950069
0.3140223
0.3273639
0.3471167
0.3308682
0.2894965
0.3546493
0.3782582
0.409295
0.453837
0.4478306
0.4619478
0.5015898
0.4872559
0.4435369
0.4649673
0.5005714
0.4604507
0.5064804
0.4583501
0.4413131
0.462938
0.4495694
0.4166498
0.441031
0.4125286
0.4643451
0.4277411
0.5010452
0.485188
0.4938913
0.4545185
0.410386
0.3467588
0.3706097
0.3824455
0.3816528
0.3672836
0.4090094
0.3970855
0.3556917
0.3983037
0.4097263
0.3667031
0.3761548
0.3785882
0.3552869
0.2926153
0.257092
0.2567425
0.2526523
0.312945
0.3207082
0.3930802
0.4039195
0.4085207
0.4348086
0.4306133
0.3941323
0.3704785
0.4127442
0.404612
0.3763256
0.3297368
0.3226701
0.3369551
0.3630625
0.3311561
0.3275523
0.309069
0.2680564
0.2694779
0.26747
0.338589
0.4262104
0.3991816
0.442768
0.505869
0.4872675
0.5968965
0.5445788
0.4718323
0.4747993
0.4999298
0.5413842
0.5595526
0.5799943
0.5403833
0.5757654
0.5717065
0.5198537
0.4294029
0.4466854
0.5529144
0.4997329
0.5083622
0.5088124
0.3961018
0.3723694
0.3531596
0.4060251
0.3596509
0.3122357
0.3687493
0.3662091
0.3751655
0.2968295
0.238597
0.2734378
0.3742353
0.4151269
0.379005
0.3237569
0.3018586
0.2259366
0.2667147
0.383913
0.4304241
0.4049457
0.3867958
0.3661984
0.4772922
0.4987309
0.4837912
0.4864608
0.4353155
0.4646548
0.4563957
0.5380532
0.5084265
0.5435699
0.4758345
0.5314459
0.4812783
0.4450673
0.4695881
0.5198552
0.5284652
0.5237602
0.5028463
0.4782072
0.455459
0.4131586
0.4379548
0.4641382
0.38815
0.3871661
0.3717231
0.4415045
0.4742856
0.4259967
0.423937
0.4358345
0.4602909
0.4441605
0.4757719
0.4817264
0.4826818
0.5107008
0.5237304
0.514527
0.5243925
0.4762075
0.4916809
0.4828944
0.4803098
0.4500385
0.4782613
0.4618636
0.4182501
0.4234135
0.4146338
0.3812694
0.3935612
0.4486668
0.4719449
0.5136115
0.5230002
0.5119491
0.4847807
0.5002139
0.4497228
0.4071963
0.3667286
0.344304
0.3390697
0.4111487
0.409564
0.4454357
0.4118941
0.3957444
0.4238542
0.4695843
0.4074908
0.4852241
0.3750709
0.3441185
0.3722646
0.3684358
0.3506921
0.3276866
0.3674586
0.3862355
0.3747989
0.381746
0.4125335
0.3885085
0.4221575
0.436049
0.5044422
0.5187854
0.493788
0.5900418
0.5620659
0.5463044
0.5106627
0.5195462
0.5030728
0.6077882
0.5226191
0.5063887
0.5386801
0.5534502
0.5036068
0.45212
0.4331928
0.4438086
0.4190121
0.4357559
0.436478
0.4811031
0.4191216
0.3816502
0.4256174
0.4380739
0.3875712
0.4490233
0.3776315
0.3557267
0.3932362
0.4095621
0.3672206
0.3760944
0.3939964
0.3731278
0.3445899
0.4026627
0.4138847
0.4069187
0.3528176
0.4348607
0.5208641
0.4751891
0.517078
0.5486617
0.5076279
0.5687925
0.5408491
0.4941195
0.4904232
0.4877969
0.4961097
0.5271799
0.4840573
0.4603155
0.4527992
0.4641725
0.4542856
0.501967
0.4533117
0.3893373
0.317276
0.3248371
0.3637775
0.3286814
0.4054859
0.3928321
0.4127479
0.4011252
0.451397
0.4264754
0.4333841
0.4179759
0.41409
0.3898186
0.4039543
0.4540107
0.455005
0.4968318
0.6050484
0.5907836
0.525879
0.5539335
0.5584603
0.64285
0.6431846
0.6545341
0.5807058
0.5630537
0.6163111
0.5633584
0.5409084
0.3898791
0.4744288
0.4817138
0.5183478
0.5761494
0.5953927
0.5094548
0.5492203
0.5706459
0.5094902
0.4665225
0.495993
0.5065554
0.4427364
0.4234609
0.3712285
0.4187351
0.4902421
0.5349252
0.5369919
0.5319602
0.4924633
0.5065886
0.5282727
0.4696753
0.4079852
0.3704402
0.3662804
0.368049
0.3395909
0.2720896
0.2667939
0.3213915
0.3598124
0.3287022
0.3376574
0.3799651
0.3841724
0.4650892
0.4303896
0.406358
0.3336927
0.3990347
0.3843729
0.4319313
0.3989622
0.3934181
0.4048274
0.4057218
0.4440994
0.459889
0.4198077
0.5345575
0.4778123
0.525284
0.5565849
0.5640807
0.5613996
0.5791656
0.5492177
0.5525075
0.4695411
0.4054994
0.4066285
0.400139
0.4428556
0.4359541
0.4645558
0.4611885
0.478247
0.471636
0.4595564
0.5069529
0.5186869
0.5357059
0.5617657
0.5723067
0.537975
0.4806154
0.4834242
0.4470049
0.4036331
0.4484586
0.4452257
0.4436926
0.4514047
0.4323937
0.4862254
0.4645793
0.4699968
0.4630355
0.4585739
0.4499963
0.4507427
0.4877362
0.521663
0.5310531
0.5504461
0.6002849
0.6345317
0.590596
0.6156653
0.6448146
0.5995422
0.5590406
0.4478982
0.4681231
0.5435433
0.4526092
0.4266385
0.4201668
0.3853646
0.4592253
0.5188053
0.5070312
0.6051085
0.616161
0.6031392
0.5719028
0.4987207
0.4721504
0.4711407
0.439917
0.5082872
0.4677041
0.4674615
0.4841525
0.4074478
0.3571308
0.4920839
0.5118287
0.5123668
0.5601307
0.609218
0.605236
0.4618462
0.3721033
0.4065982
0.4421449
0.3065218
0.391672
0.4096332
0.4438307
0.4442529
0.4249281
0.4649944
0.5383891
0.5329024
0.5361101
0.5403319
0.4773693
0.4414735
0.4115084
0.4109447
0.4129401
0.4588584
0.5202744
0.5003116
0.5330195
0.5866754
0.5154912
0.5166777
0.4432249
0.4683496
0.5241052
0.4128331
0.397664
0.4572958
0.4424691
0.368821
0.3854073
0.4385778
0.4105268
0.3793726
0.386177
0.4831412
0.3549479
0.3935691
0.4196443
0.4254199
0.3657983
0.3520593
0.3902187
0.361078
0.3760193
0.3355902
0.468939
0.4318303
0.6232254
0.6440829
0.6000119
0.537123
0.5366685
0.4526355
0.4295212
0.3532602
0.3330912
0.3830274
0.3913349
0.3388359
0.4337499
0.4184385
0.4768302
0.4433243
0.5814792
0.6715063
0.6334703
0.6624615
0.6554463
0.7253731
0.760028
0.7444676
0.7248895
0.7273246
0.6782644
0.5944575
0.5569028
0.5897535
0.5934549
0.5720413
0.583012
0.4723501
0.4410015
0.513803
0.4225035
0.3905077
0.4851519
0.5958753
0.6267113
0.6384309
0.6475191
0.6816705
0.6568719
0.6306899
0.5496294
0.5217677
0.4549223
0.5247265
0.5131203
0.4548864
0.3662131
0.4280111
0.3929524
0.4483225
0.4339606
0.4305167
0.3914517
0.4364939
0.4245996
0.440909
0.3772266
0.3715419
0.4276744
0.4484161
0.4298885
0.3783865
0.4027821
0.5508001
0.5663912
0.5303403
0.4560986
0.4651591
0.4713923
0.4831349
0.5161675
0.6087272
0.5141043
0.558599
0.5547607
0.4623193
0.4582862
0.4487948
0.4353949
0.4538639
0.4356632
0.5089205
0.4242542
0.4474354
0.4846835
0.5250839
0.5106293
0.4862686
0.4517218
0.4659039
0.4094985
0.3492056
0.3895153
0.4875914
0.5160456
0.5407354
0.5273073
0.5228414
0.5231027
0.4975465
0.4261139
0.4255334
0.3614413
0.3434738
0.3666205
0.4110601
0.5651745
0.5553676
0.5078287
0.3887497
0.3167485
0.3406855
0.3867021
0.432534
0.3414092
0.3562367
0.3824446
0.3679792
0.3037741
0.3531411
0.4515556
0.5087859
0.467698
0.4073328
0.38019
0.4331524
0.3645372
0.2923288
0.2783167
0.3839463
0.4209307
0.4807801
0.4284969
0.4478465
0.5309437
0.5852751
0.4936855
0.4008847
0.3730564
0.4678674
0.4513259
0.4185712
0.5759432
0.4503319
0.5727541
0.5474266
0.631995
0.5541821
0.6118924
0.4202003
0.3965036
0.4588978
0.4763929
0.4411938
0.4453463
0.4921192
0.4766885
0.4260964
0.46334
0.4495988
0.5267945
0.4526447
0.4362406
0.476752
0.5278609
0.5046569
0.4582168
0.4536016
0.4014692
0.432078
0.4518057
0.4838307
0.492179
0.5344355
0.5048908
0.4981489
0.4664254
0.4380935
0.4623303
0.4147806
0.4259557
0.4321701
0.4742304
0.5123072
0.4571242
0.4545602
0.4495368
0.5000802
0.4802181
0.4678816
0.5185561
0.5141608
0.5188855
0.4642977
0.435437
0.4006037
0.4111422
0.4467562
0.4338118
0.3869297
0.3873067
0.4080393
0.37678
0.3098015
0.3832127
0.4910149
0.4673748
0.5212165
0.5492078
0.5205307
0.4842497
0.5169014
0.493996
0.4297928
0.4540731
0.4809578
0.509159
0.5616364
0.5339429
0.4822659
0.5467053
0.5844108
0.5133952
0.5166529
0.545806
0.5612878
0.547401
0.5775419
0.5665179
0.6069915
0.5805569
0.6003311
0.5183803
0.5706737
0.550801
0.5606729
0.5497711
0.5531004
0.5354929
0.5740851
0.5935236
0.6127352
0.6629774
0.6290011
0.6216546
0.5822477
0.5588686
0.5060156
0.5083441
0.4515157
0.4101858
0.3474693
0.3739455
0.347149
0.3997326
0.4874327
0.5059606
0.5174923
0.5268562
0.5452193
0.5070747
0.4921486
0.5006155
0.5301587
0.5728047
0.5668906
0.6121452
0.5767932
0.6045238
0.5765783
0.5577033
0.5740933
0.5318589
0.5597682
0.5322059
0.5110791
0.5192549
0.5129978
0.5172993
0.4847776
0.4344605
0.4120832
0.4150205
0.4491
0.5258199
0.5505745
0.5772165
0.5369047
0.521313
0.5893871
0.5858809
0.5710473
0.5608737
0.6258098
0.5890029
0.6123539
0.5918739
0.536375
0.5205678
0.4978962
0.4541221
0.4350242
0.3928661
0.3840629
0.3996598
0.4143847
0.4028191
0.4277017
0.448239
0.4168438
0.4204316
0.4293828
0.4226426
0.3928285
0.4095317
0.4179474
0.4567886
0.4531123
0.4973273
0.4929094
0.5200829
0.5253591
0.5195765
0.5163838
0.5072506
0.5543502
0.4772125
0.4895935
0.4789408
0.5267104
0.5672882
0.5904054
0.5409824
0.4950518
0.5157406
0.4671431
0.5020786
0.5811881
0.5793449
0.6064482
0.537686
0.5583878
0.5425732
0.4794231
0.4802918
0.4876409
0.4908057
0.5019102
0.4875278
0.5376676
0.5295079
0.5183823
0.5306656
0.5895073
0.5689159
0.5120713
0.4924823
0.4699287
0.3898297
0.3600137
0.3466882
0.3268068
0.3357743
0.3878447
0.4149943
0.4374107
0.4468249
0.4511095
0.3935429
0.4866566
0.5255253
0.5105363
0.4754649
0.5201527
0.5331744
0.5377653
0.5252166
0.5161023
0.5028233
0.4880097
0.4671343
0.4498892
0.4316406
0.4123381
0.4525513
0.4152788
0.4329167
0.4500251
0.3776903
0.4967256
0.496873
0.4477362
0.459841
0.558825
0.5224631
0.4557976
0.4722433
0.4482554
0.528461
0.543407
0.5682999
0.5362746
0.5374206
0.512783
0.4179667
0.4813126
0.4442307
0.4625214
0.4509259
0.4627239
0.3550963
0.2717179
0.3139215
0.3140636
0.3499707
0.5698568
0.5320081
0.4581297
0.475606
0.4198446
0.4458545
0.4690462
0.4473482
0.5713965
0.6052229
0.5875661
0.5517177
0.5502807
0.4944083
0.4274518
0.3866186
0.3624345
0.4286226
0.4294386
0.4517348
0.4359992
0.361832
0.3685936
0.3928574
0.4939375
0.456414
0.4514856
0.4456392
0.4604044
0.4836944
0.5509234
0.5227573
0.5085665
0.5430802
0.5013574
0.5159234
0.5595214
0.5330477
0.5332881
0.5576188
0.6029709
0.5677957
0.5341121
0.4917559
0.4418123
0.4647363
0.4873446
0.4663656
0.4631426
0.5284342
0.5565618
0.5520308
0.4806476
0.5394131
0.5696089
0.5701487
0.5881257
0.5298061
0.4599505
0.4177493
0.4046805
0.3888441
0.3471153
0.36722
0.3717333
0.4918346
0.3667015
0.4187086
0.3722481
0.3303954
0.2211426
0.3891707
0.4862487
0.4292826
0.3029401
0.3864634
0.4469184
0.4640211
0.5078114
0.473504
0.5583463
0.4818551
0.5205648
0.4582755
0.3952696
0.5225271
0.5001119
0.4904596
0.5581832
0.5612342
0.4987952
0.4938141
0.4745259
0.4811847
0.4852243
0.5222892
0.504623
0.4451492
0.481753
0.5026021
0.5098758
0.5871453
0.5787095
0.4673279
0.4742399
0.5013899
0.4474966
0.5041808
0.4902054
0.4664365
0.4892266
0.4790524
0.4789369
0.4535062
0.4246277
0.4138715
0.3680986
0.3688265
0.3513572
0.3171546
0.3160804
0.4287999
0.4074658
0.4654416
0.4838017
0.4610576
0.4400867
0.4195202
0.3694898
0.318995
0.3758325
0.3597535
0.3914493
0.3793241
0.3648714
0.3850703
0.399715
0.4062085
0.4055478
0.3798908
0.4164295
0.4239474
0.4155026
0.4015338
0.3751464
0.3322134
0.3369188
0.3372837
0.3015831
0.308134
0.281803
0.3452351
0.4188766
0.36713
0.4464395
0.430232
0.3745112
0.445334
0.4086411
0.4077956
0.5234024
0.5087938
0.4833757
0.5644724
0.6142694
0.6221273
0.5755122
0.5474198
0.5199361
0.4353381
0.3881625
0.3924642
0.5349279
0.5044875
0.4613194
0.4039818
0.4941581
0.4419935
0.3576333
0.4250991
0.467719
0.4849973
0.4918751
0.5404469
0.5403382
0.5555379
0.547099
0.4205462
0.4124631
0.3721435
0.4297898
0.5039328
0.5462849
0.5197729
0.5088039
0.4419274
0.5133698
0.4799574
0.5076457
0.5384341
0.586362
0.4757318
0.3588567
0.351175
0.3741194
0.3662495
0.3660938
0.3900451
0.314456
0.3013255
0.2853423
0.3017335
0.3370502
0.341557
0.3904735
0.3575798
0.3036975
0.3056559
0.3411908
0.4183606
0.4941774
0.5414353
0.4747132
0.5251637
0.4976216
0.4832861
0.4789649
0.4698943
0.4219214
0.3017675
0.311978
0.3953369
0.3786092
0.3507728
0.3472573
0.3335995
0.3265461
0.3513434
0.3975559
0.3757124
0.3922953
0.4012977
0.4011427
0.4154206
0.382986
0.4078579
0.4229504
0.3548866
0.4185701
0.4458685
0.4321784
0.4654874
0.4825503
0.3732729
0.4077977
0.4338942
0.4320146
0.48032
0.4361066
0.4418825
0.4393063
0.4576203
0.4606535
0.4428738
0.4353166
0.4450068
0.3855262
0.4289532
0.4407261
0.4101986
0.3813976
0.3846139
0.3928596
0.3270577
0.3406731
0.3452562
0.4460031
0.4783234
0.532921
0.5640329
0.5328141
0.5384487
0.5352373
0.4673183
0.4100903
0.3822113
0.4298982
0.3936068
0.4492216
0.4618106
0.5399045
0.5430143
0.45159
0.4700126
0.4359505
0.5061495
0.412053
0.3610593
0.3480454
0.4001298
0.397945
0.4505373
0.4099638
0.455222
0.4827167
0.4782695
0.4709443
0.490162
0.5049132
0.4705609
0.429132
0.4230891
0.4389528
0.4595321
0.5117326
0.5157874
0.3988098
0.4136706
0.4328675
0.4221769
0.35503
0.4110521
0.345163
0.327158
0.3082658
0.2875645
0.2963907
0.2973751
0.2908317
0.3050528
0.3179402
0.3259462
0.3911709
0.3777027
0.4208158
0.4109611
0.3551051
0.3198523
0.3095165
0.3260967
0.3059449
0.2351586
0.2795359
0.3040904
0.4066791
0.3955306
0.3116058
0.3630301
0.495601
0.5497917
0.5591247
0.6038783
0.5879933
0.5807843
0.4715415
0.3898569
0.4078492
0.4390362
0.4306741
0.3666238
0.3794582
0.4748965
0.585585
0.5407605
0.5058027
0.3271535
0.3672262
0.4920705
0.548725
0.574473
0.4884832
0.5676004
0.5448826
0.6058255
0.4768997
0.465888
0.4114253
0.3367775
0.4266396
0.4815119
0.5042943
0.4963178
0.5259184
0.485562
0.492398
0.3516413
0.3853988
0.4675255
0.5062458
0.5467542
0.5055521
0.3718638
0.3321998
0.4144138
0.3316573
0.4278924
0.4284238
0.4776314
0.4613366
0.4425269
0.5486723
0.4309182
0.5147918
0.4665445
0.5050568
0.585119
0.5013936
0.4868298
0.4201834
0.3818955
0.4499533
0.5307813
0.4423569
0.4160332
0.3892645
0.416032
0.4178437
0.4511774
0.3946362
0.4064637
0.4493397
0.4663846
0.4389956
0.3413692
0.3404144
0.4977848
0.4640908
0.408791
0.4110687
0.4163377
0.4295526
0.3619763
0.539318
0.6018756
0.6388518
0.6035296
0.5468391
0.5298263
0.4208642
0.3257047
0.4023338
0.3964712
0.4919454
0.4538502
0.3712705
0.4314833
0.4223056
0.4970343
0.4469955
0.4253588
0.518238
0.4951034
0.5993648
0.5140021
0.4313318
0.3958132
0.4235751
0.4239108
0.543427
0.4845743
0.3944111
0.3858914
0.3596159
0.4131427
0.4241658
0.4649767
0.4244751
0.4295732
0.3976393
0.3644166
0.4644616
0.4169672
0.4876086
0.4976284
0.5484922
0.5181807
0.5422134
0.5460536
0.5752177
0.5808516
0.5627931
0.539579
0.4765272
0.463409
0.4611738
0.5115632
0.427591
0.4780109
0.4730311
0.4638036
0.459276
0.4604873
0.4044457
0.4633588
0.4751822
0.4668168
0.4538892
0.4349021
0.4991111
0.5091081
0.4273338
0.3600668
0.3920059
0.4223413
0.4110605
0.5130243
0.5781559
0.5798531
0.5708833
0.5788576
0.575238
0.5230855
0.4681564
0.4499434
0.4981301
0.5251088
0.5213814
0.5960005
0.5485221
0.5382872
0.4960952
0.4517763
0.4365678
0.3557315
0.3170831
0.3284106
0.3653629
0.4085542
0.3778156
0.4570304
0.4575427
0.4845826
0.4781771
0.4374847
0.4209743
0.4463974
0.4038821
0.4285612
0.437053
0.4841669
0.4930604
0.4884361
0.483232
0.4755957
0.4551475
0.4827419
0.5170759
0.5645592
0.4825717
0.4771936
0.480902
0.4992456
0.47831
0.4888794
0.5273081
0.5249737
0.5423444
0.5825388
0.578708
0.6380342
0.6286927
0.5997185
0.5775341
0.6386665
0.5789437
0.6092901
0.5693301
0.6180958
0.6776648
0.5851631
0.5152814
0.5158272
0.5604009
0.5340445
0.4836611
0.4971752
0.5720381
0.5833336
0.5869099
0.5700536
0.5493192
0.5097498
0.5251236
0.4803066
0.4187059
0.4220568
0.4621041
0.4415897
0.4517294
0.4400939
0.4045697
0.4213587
0.3970672
0.4151927
0.4302983
0.4432366
0.435201
0.3916968
0.4243551
0.396717
0.4137689
0.4073097
0.4003623
0.454092
0.3894692
0.4716052
0.4763512
0.4895323
0.4950333
0.5329208
0.518076
0.5544902
0.5040166
0.4931469
0.5098628
0.510155
0.4506978
0.4600149
0.4518821
0.4076264
0.4444628
0.4880401
0.4625032
0.4855719
0.517555
0.5417678
0.4395634
0.4237328
0.4455637
0.4627619
0.4607466
0.5441661
0.5379138
0.4761892
0.4393392
0.4132433
0.3913494
0.4404645
0.5032927
0.4645975
0.4492524
0.4461182
0.4484861
0.4489222
0.478919
0.5091141
0.4781069
0.5675464
0.5329106
0.5473473
0.5830535
0.5246973
0.4402958
0.3989184
0.4506194
0.4421191
0.3950721
0.3244051
0.3576512
0.312539
0.3547475
0.4078045
0.4299023
0.4668403
0.4908842
0.4869462
0.4481687
0.3761312
0.4167691
0.4347769
0.4589498
0.4377263
0.4403962
0.4629455
0.4833942
0.5410225
0.5569152
0.4796119
0.4087452
0.4067908
0.4139094
0.4050487
0.4505736
0.3807779
0.371769
0.3782875
0.3936685
0.4306429
0.5074544
0.5393411
0.5593906
0.584653
0.5309659
0.533137
0.5044544
0.493424
0.465744
0.5005502
0.4542212
0.4622909
0.4331548
0.4524437
0.4805226
0.4190738
0.3783792
0.3709389
0.3617326
0.3508034
0.4313007
0.4219546
0.456441
0.5023704
0.4419013
0.4203635
0.4345455
0.4663748
0.4818702
0.3883192
0.4258283
0.478523
0.4823296
0.462895
0.4873741
0.5101258
0.5463172
0.6366743
0.6004581
0.5202603
0.4811563
0.5129699
0.4887462
0.4722533
0.4467354
0.4152284
0.4642592
0.4446606
0.4246795
0.4444517
0.5033709
0.5638687
0.59212
0.5248378
0.4487786
0.4524564
0.4506315
0.4006593
0.4166351
0.3969682
0.3762112
0.3624981
0.4586185
0.3855536
0.3337708
0.3001535
0.3462707
0.4365755
0.4266339
0.4719123
0.485151
0.5516652
0.52372
0.5165424
0.5522851
0.5915053
0.5458543
0.5594017
0.5846477
0.5054395
0.4682114
0.4484018
0.4809527
0.4657337
0.4767265
0.4838621
0.4595421
0.4510735
0.4580904
0.4768811
0.427425
0.4153359
0.4268083
0.4246702
0.4821798
0.477323
0.4764467
0.4395075
0.4403363
0.4540204
0.4710406
0.4821169
0.5119071
0.4845248
0.4088567
0.3905894
0.4130247
0.4481016
0.5350079
0.5557293
0.5516667
0.6200105
0.5782053
0.5607717
0.5747473
0.5839905
0.5566559
0.58494
0.5668834
0.5510666
0.5916888
0.5633029
0.6243269
0.559395
0.5885295
0.5763023
0.5252661
0.5445243
0.5431478
0.5584814
0.564336
0.545018
0.5589196
0.5267498
0.537515
0.5105697
0.5075481
0.5278156
0.4509178
0.4031475
0.3819921
0.4191288
0.4232817
0.401693
0.4461341
0.451918
0.4528376
0.4591781
0.4019515
0.3986614
0.4307549
0.4708206
0.516123
0.5593741
0.5277423
0.5133135
0.4712198
0.4572506
0.4773023
0.4972931
0.4583124
0.4415795
0.4700189
0.4786073
0.4936842
0.4905883
0.563357
0.4403162
0.402852
0.4181709
0.4424813
0.4253219
0.4121092
0.3791623
0.319235
0.3764358
0.413024
0.4079193
0.4230051
0.4431543
0.3376587
0.3772714
0.4273545
0.3934407
0.4327523
0.4267908
0.4807601
0.5024279
0.5316976
0.518239
0.5169415
0.5382849
0.6258218
0.6333423
0.5772534
0.5603498
0.5429356
0.4772911
0.4553235
0.4513525
0.4471624
0.4762845
0.5001307
0.4958708
0.4758365
0.4314831
0.4001304
0.3681572
0.4838534
0.4125752
0.4122355
0.4917817
0.3608816
0.4543007
0.4029688
0.4437802
0.4971173
0.4914547
0.4743468
0.5148963
0.5869186
0.5970826
0.6107749
0.6636698
0.5387769
0.5059811
0.4622321
0.3564802
0.4142453
0.4413684
0.3922721
0.4147607
0.4705165
0.4395611
0.4221528
0.3652062
0.4092771
0.4382747
0.4510917
0.4206406
0.4281155
0.4459991
0.4246485
0.4534764
0.3959714
0.3463409
0.2803514
0.3508064
0.3606258
0.3732352
0.4649568
0.4964501
0.5179908
0.5616699
0.5528406
0.5188789
0.5644656
0.5847243
0.6164738
0.5665334
0.6331958
0.6485935
0.5658641
0.5958276
0.5984949
0.6450487
0.6022773
0.597501
0.556011
0.5223971
0.5180457
0.5126622
0.5027221
0.5181644
0.4912329
0.4754551
0.4283199
0.4436289
0.4454879
0.4839504
0.4638892
0.4681213
0.4437345
0.4266204
0.4649564
0.440711
0.4772759
0.437129
0.3522729
0.3485483
0.3786617
0.3930842
0.4435236
0.4912505
0.4902434
0.4254594
0.4246921
0.4396637
0.3931613
0.3283022
0.2588426
0.3284104
0.4358862
0.4318606
0.5124137
0.4963922
0.5006805
0.4672682
0.4431763
0.4393323
0.4253401
0.4231047
0.4429886
0.4334362
0.4609493
0.4263475
0.4477443
0.4252087
0.3762097
0.3951932
0.4036102
0.4638503
0.5124318
0.5659119
0.6325561
0.6239601
0.660613
0.6069704
0.5215094
0.5260387
0.4045348
0.4590626
0.4457419
0.4832695
0.4370523
0.4825782
0.5289695
0.5133319
0.4342162
0.5531784
0.5745141
0.5195425
0.5473544
0.4700245
0.4838199
0.4676767
0.4932799
0.5115394
0.5201365
0.5872648
0.561383
0.5129448
0.4919281
0.4471035
0.3980962
0.3790654
0.323755
0.3441423
0.3576274
0.3381589
0.2875428
0.2988654
0.1965888
0.2897556
0.3022925
0.2622844
0.327068
0.349176
0.4044235
0.4217532
0.4585595
0.4179843
0.3658519
0.3162085
0.3460802
0.3300178
0.316896
0.3497428
0.3034986
0.3422522
0.3676661
0.3797882
0.5008825
0.5719881
0.56156
0.5373884
0.5768723
0.5364623
0.4984842
0.4544972
0.45719
0.4290617
0.4744181
0.495595
0.5320928
0.4881938
0.4584461
0.457626
0.4783469
0.4159037
0.4173681
0.4444817
0.4677331
0.5139953
0.5580934
0.5560295
0.5745148
0.57646
0.575722
0.5318453
0.5012755
0.4458595
0.4374925
0.4001259
0.4416887
0.4590986
0.5152748
0.5232383
0.515863
0.4994778
0.4844261
0.422519
0.4071084
0.4547208
0.4368884
0.4208008
0.4044902
0.4423681
0.4314234
0.4562633
0.4789537
0.5156048
0.4969154
0.5538885
0.6106028
0.6112916
0.6460614
0.67182
0.6635304
0.5919796
0.5475416
0.5432602
0.5851167
0.5996493
0.6090037
0.6145234
0.6277099
0.5877276
0.6090394
0.6036869
0.5831018
0.6400531
0.6265996
0.5957339
0.5362851
0.4761554
0.3854949
0.4128462
0.4382754
0.4401502
0.3561191
0.2530002
0.3402
0.4558888
0.5007268
0.4237934
0.4491316
0.3849768
0.3548472
0.4341301
0.4444009
0.3572087
0.3808128
0.3033113
0.3141504
0.3527298
0.2785315
0.2600071
0.2266341
0.1884408
0.2629529
0.2430123
0.2778157
0.3725967
0.3659951
0.3284028
0.4031809
0.418609
0.4230524
0.4516881
0.4157991
0.4178162
0.4295694
0.4729234
0.4873654
0.5046912
0.531762
0.5383309
0.5952019
0.5313668
0.5074902
0.4119072
0.4211056
0.3908885
0.4056206
0.3892527
0.3694165
0.4218246
0.4615098
0.477317
0.3839538
0.4098608
0.3995717
0.4260309
0.3822795
0.3890792
0.3765084
0.4233296
0.4135541
0.4037142
0.4048547
0.4173078
0.4814253
0.4910085
0.551316
0.5848573
0.5578566
0.5301145
0.508521
0.4985233
0.5412528
0.5319504
0.4782503
0.481824
0.4761495
0.4853047
0.4846001
0.5018095
0.5689911
0.5151152
0.5722264
0.5726643
0.5505065
0.5232576
0.4954539
0.4744718
0.4782657
0.4363047
0.4375213
0.4144517
0.4018874
0.4165218
0.4074083
0.4589119
0.5215942
0.5124109
0.4940385
0.4990274
0.4696697
0.4701526
0.4681699
0.4315291
0.4062392
0.4388379
0.5036573
0.5368597
0.5224941
0.5811518
0.5881723
0.5567493
0.5002095
0.5350171
0.5173798
0.4629073
0.4464408
0.4501098
0.460771
0.4609768
0.4725149
0.4780491
0.4256283
0.4819327
0.4968782
0.434223
0.5171953
0.5025013
0.4556907
0.3842736
0.3157833
0.3718827
0.4138015
0.4655078
0.4432524
0.4329203
0.4632545
0.4977815
0.5137828
0.498911
0.5538806
0.4640371
0.3915188
0.3954083
0.4208559
0.420332
0.3456837
0.4498892
0.4645414
0.5021379
0.4984539
0.4999278
0.4976847
0.5219801
0.5104598
0.5309646
0.510741
0.5288149
0.5458269
0.5352513
0.5744735
0.6550036
0.6594767
0.6639129
0.629082
0.6313496
0.5879429
0.5656666
0.5734881
0.5623364
0.5137995
0.4627941
0.4875411
0.470612
0.4722121
0.453912
0.4474408
0.4906083
0.5646363
0.6218874
0.649044
0.5815772
0.5950832
0.5599953
0.528043
0.4990634
0.5677924
0.5246782
0.4993384
0.5312868
0.5527235
0.5516397
0.5263109
0.6309902
0.5990533
0.5424583
0.515901
0.5372502
0.6036834
0.6207364
0.5811278
0.5356601
0.5206019
0.5569402
0.4721914
0.4466722
0.4020668
0.3845608
0.3432921
0.3241831
0.375345
0.4203731
0.421033
0.4515013
0.5132837
0.5019983
0.5404964
0.5924825
0.5542436
0.533185
0.5342679
0.5147157
0.4971066
0.4660144
0.4774267
0.4420569
0.4295678
0.4006227
0.4082574
0.4558614
0.4800239
0.4475056
0.4510507
0.4514417
0.4913339
0.451847
0.4941643
0.5041151
0.4575283
0.4822804
0.4591612
0.4755017
0.5149049
0.5172134
0.4895972
0.4383573
0.4415804
0.4585245
0.3469164
0.4305343
0.3917532
0.3909101
0.4317856
0.4629572
0.4984502
0.4242545
0.4229898
0.5606963
0.4718139
0.4807346
0.3764307
0.4681116
0.4733917
0.4959132
0.4664237
0.5123185
0.424284
0.3440589
0.407097
0.4577182
0.5220642
0.4738495
0.4223157
0.3288796
0.3429333
0.3768699
0.5420168
0.54902
0.5757005
0.4806713
0.4809866
0.5050496
0.4364706
0.4620757
0.4266525
0.4487331
0.4710735
0.4915001
0.4520142
0.4213924
0.3936984
0.4011119
0.3874409
0.4366785
0.436837
0.4867058
0.5116291
0.5058187
0.5416736
0.5232077
0.5262384
0.5465309
0.5631263
0.4920986
0.4660327
0.424774
0.4495352
0.4147329
0.4619544
0.5156501
0.5244276
0.549369
0.4203962
0.3223623
0.3062059
0.3489011
0.349558
0.3750886
0.3645648
0.3375802
0.4130943
0.3759389
0.3844415
0.387913
0.4235612
0.4162204
0.4306209
0.3913113
0.3185821
0.3395298
0.3695215
0.3877781
0.4061981
0.3720078
0.3815254
0.3798456
0.3397758
0.2511235
0.2512493
0.2720489
0.2860197
0.2981601
0.349371
0.3788077
0.4171035
0.4068781
0.4066175
0.415082
0.4384914
0.4459766
0.4544441
0.4961554
0.4018239
0.4224685
0.4477892
0.4466994
0.4628614
0.4437152
0.5298394
0.5043551
0.5531085
0.6291923
0.5885908
0.5812425
0.563523
0.5789961
0.4974978
0.504604
0.4961678
0.4808789
0.4965115
0.5328077
0.4681454
0.4208746
0.5044417
0.5132585
0.5191334
0.5675839
0.5633873
0.5874054
0.52469
0.5113585
0.5941484
0.5152513
0.5099215
0.5223784
0.4937832
0.5772105
0.5098935
0.5092195
0.525071
0.5723142
0.5386803
0.4597818
0.4795769
0.4736438
0.5100217
0.5511164
0.4971852
0.4497047
0.4359061
0.4533984
0.5104389
0.4905263
0.5239274
0.5694902
0.5336102
0.4915895
0.4796395
0.4347235
0.4890131
0.4397306
0.4039072
0.3599014
0.3185314
0.3193365
0.3469004
0.318552
0.2565342
0.3936463
0.441113
0.4156836
0.4056516
0.4174123
0.5014606
0.5593267
0.5799835
0.5512484
0.5191494
0.505009
0.614154
0.4739589
0.4039656
0.5319183
0.4253976
0.2857854
0.4569517
0.5578744
0.6367972
0.6585528
0.6850424
0.5937024
0.5406592
0.4643102
0.4402268
0.4595519
0.4176884
0.5302201
0.4764152
0.5219225
0.572302
0.6027483
0.5869424
0.6764719
0.6956156
0.6135276
0.6242955
0.6036406
0.5970087
0.536286
0.5496554
0.5048464
0.4716364
0.48853
0.4388452
0.4461293
0.4266042
0.4838222
0.4570301
0.4394085
0.3931406
0.483458
0.4779249
0.4495707
0.4411999
0.4163672
0.4573483
0.4608814
0.5002151
0.4786353
0.4867364
0.5501105
0.518351
0.6007335
0.5738892
0.5300482
0.5405917
0.531973
0.5229896
0.5064553
0.4556834
0.4828102
0.4709169
0.5580874
0.4642761
0.4253105
0.425634
0.4245272
0.4280522
0.3836512
0.2509458
0.3090737
0.3547564
0.3765621
0.4281597
0.4066659
0.3807275
0.4798881
0.3997864
0.3313146
0.4107038
0.4273763
0.4196894
0.434776
0.384998
0.4199886
0.3724125
0.3495531
0.4043402
0.4945448
0.4878102
0.5136696
0.5383429
0.4856947
0.5417826
0.4909955
0.5249961
0.5268155
0.5573566
0.4860836
0.5060121
0.4586215
0.443902
0.4870194
0.4913008
0.4604165
0.4651733
0.4428191
0.4452217
0.422671
0.4165887
0.459173
0.4418864
0.4262411
0.4064256
0.4369009
0.4135431
0.3845865
0.4590116
0.4194071
0.3852149
0.3481704
0.3795567
0.3578234
0.375107
0.3659783
0.4010629
0.3282191
0.3894012
0.4124166
0.4066229
0.3802692
0.3939688
0.3864011
0.4133522
0.3934274
0.3708705
0.3445026
0.3758077
0.4266192
0.457443
0.488277
0.493899
0.4219747
0.4252745
0.4603411
0.4799003
0.4928402
0.5000898
0.5767252
0.5631522
0.5531351
0.536091
0.5338704
0.5228543
0.546685
0.5234936
0.5057937
0.4988477
0.5268273
0.4729926
0.4489501
0.4513814
0.4490752
0.5490285
0.4859924
0.5340707
0.5137218
0.5581041
0.5103069
0.467115
0.4685572
0.4751397
0.4837751
0.5139842
0.5234873
0.4457647
0.4763233
0.5460216
0.4997668
0.5178095
0.4080291
0.4971568
0.440493
0.4261179
0.435586
0.4759191
0.4827646
0.5835894
0.543101
0.5149338
0.4945759
0.5808619
0.6289243
0.6137002
0.5245059
0.4778934
0.4236492
0.4822797
0.5859027
0.5359896
0.4821789
0.4028219
0.370474
0.3272904
0.3510881
0.3353589
0.2863273
0.2539392
0.3458325
0.3153264
0.3952125
0.4608114
0.4783283
0.3577969
0.3917287
0.4195695
0.4342022
0.4827819
0.4715205
0.3960608
0.3444352
0.3096825
0.4461366
0.4528957
0.4201544
0.3607245
0.2885719
0.3404598
0.3193982
0.3186586
0.279047
0.309106
0.3721437
0.3946379
0.4261939
0.4495619
0.413702
0.3750159
0.2689427
0.2512866
0.2529671
0.2821303
0.302533
0.2554224
0.3044289
0.3125781
0.3118839
0.2961972
0.2111516
0.2481011
0.2608099
0.315325
0.3292106
0.3702611
0.4319828
0.5338171
0.5334589
0.514957
0.5209821
0.4964193
0.3991136
0.4524269
0.4918958
0.5273505
0.5259739
0.4740755
0.4456375
0.4206633
0.3216093
0.3357019
0.3633144
0.3874731
0.4334992
0.4882275
0.4309888
0.4149212
0.506772
0.4506131
0.4794669
0.4569059
0.4597432
0.4720676
0.4398258
0.404343
0.4517513
0.4611606
0.4283303
0.4268771
0.5465727
0.6361957
0.4955321
0.4990346
0.5419676
0.5429506
0.4499108
0.4133861
0.4141868
0.5129507
0.513653
0.4880598
0.4883371
0.511889
0.3962133
0.3825245
0.4243577
0.3915484
0.3944994
0.4172321
0.425779
0.3729315
0.3631138
0.3939093
0.4214544
0.4419913
0.4032331
0.4277291
0.4427147
0.453615
0.4770591
0.4557199
0.3302818
0.3717516
0.3983896
0.4414316
0.4084431
0.3689057
0.3766351
0.3717204
0.4574117
0.4652876
0.4246274
0.4268185
0.4342778
0.4167026
0.482789
0.4606604
0.4564761
0.4772013
0.4844186
0.5725643
0.5591025
0.523028
0.4495361
0.3981855
0.4198917
0.4755111
0.4419369
0.5016312
0.5437757
0.5419691
0.5631939
0.5258317
0.5613504
0.5440784
0.4669892
0.4977711
0.4829953
0.497383
0.5550206
0.4962162
0.521486
0.4772242
0.4974798
0.4715296
0.4096142
0.4045407
0.4361264
0.4922301
0.5379255
0.4689617
0.4321128
0.3686879
0.3632683
0.4085513
0.5163566
0.5250931
0.498924
0.4765714
0.5184868
0.5096167
0.4616776
0.4708837
0.3997426
0.4325984
0.4450563
0.4073876
0.4396955
0.4415272
0.455126
0.4855059
0.4873134
0.5446011
0.5088755
0.5147514
0.509658
0.4605601
0.4851015
0.4660346
0.4281077
0.4032232
0.3624833
0.4071994
0.4310966
0.4386207
0.4046758
0.4210614
0.3396429
0.3600346
0.4398894
0.439013
0.4474275
0.5076351
0.4682707
0.490249
0.4840985
0.5025395
0.4959285
0.5126278
0.4827174
0.5058668
0.5475093
0.5766082
0.5935178
0.5639854
0.5882742
0.5625679
0.5905499
0.6028556
0.6154866
0.5436178
0.5180003
0.5640048
0.4354104
0.5012721
0.4550255
0.415349
0.4363278
0.4807702
0.3684332
0.2259313
0.2574185
0.2304999
0.332858
0.3737102
0.3957824
0.409901
0.4518346
0.4572367
0.4742101
0.437347
0.4001086
0.3802951
0.435029
0.4697866
0.4873492
0.5655656
0.55237
0.4664362
0.5417815
0.4952336
0.4745119
0.5675377
0.418839
0.4252016
0.4457173
0.3841144
0.4033779
0.3526867
0.3159188
0.3494949
0.3556071
0.3558172
0.3553856
0.3847396
0.3491562
0.3978832
0.3810987
0.4600504
0.4256563
0.5230476
0.4766719
0.4521051
0.4757255
0.4675095
0.463373
0.4674371
0.4606843
0.4736062
0.4988268
0.461058
0.4428499
0.5194779
0.5532623
0.6562379
0.5887049
0.5756177
0.5468946
0.5756835
0.4484923
0.4118129
0.4719192
0.5228123
0.4767034
0.4871428
0.5397239
0.5050548
0.3979483
0.3682781
0.4034327
0.3631839
0.3888986
0.5142334
0.4320665
0.4331236
0.3874932
0.4698224
0.5200598
0.4947984
0.4820116
0.4988409
0.5044294
0.4630228
0.3905416
0.4391914
0.4558553
0.4593428
0.429152
0.4430021
0.4602237
0.4753399
0.514907
0.5060839
0.5477781
0.5120916
0.5471434
0.537713
0.5202605
0.6216711
0.6489593
0.6315914
0.5850285
0.6230299
0.6507856
0.6257511
0.5537955
0.5577786
0.4426121
0.4738514
0.5179651
0.5301197
0.4955002
0.5352233
0.5248931
0.5323355
0.5359956
0.4582804
0.4559722
0.4124792
0.3887185
0.3431707
0.3422469
0.3482459
0.3875745
0.4448039
0.4850116
0.5345227
0.4946051
0.4478622
0.4429933
0.3542906
0.415648
0.4509569
0.4632246
0.3614396
0.4451374
0.440509
0.440121
0.4232813
0.4256324
0.448611
0.4492591
0.4673216
0.4189833
0.3928127
0.4321005
0.4632751
0.4835632
0.5067167
0.5420305
0.5450943
0.5580587
0.5419421
0.5021703
0.5227569
0.4933685
0.4897017
0.4574767
0.4823761
0.581857
0.5106471
0.5053485
0.5001905
0.4917208
0.4710519
0.530766
0.5382052
0.485042
0.5004482
0.4804134
0.4899299
0.5268319
0.5490225
0.4857234
0.4182616
0.4561528
0.4419975
0.47515
0.5991787
0.5547646
0.552445
0.5926462
0.558379
0.5794644
0.565785
0.5851745
0.5065297
0.5018067
0.508858
0.5146979
0.5215977
0.5093122
0.4562085
0.4575413
0.4870057
0.4301912
0.4469984
0.40796
0.4530854
0.3979312
0.3876345
0.4099939
0.4532523
0.4324701
0.4196105
0.4250362
0.3955749
0.4922376
0.5553195
0.5106577
0.5087943
0.5568478
0.515863
0.5867727
0.5317762
0.4733998
0.4549855
0.3588752
0.4495049
0.4617553
0.4409612
0.3846657
0.352606
0.3423534
0.3377461
0.2968661
0.3964789
0.3622631
0.3405763
0.4698329
0.3916571
0.3726403
0.4144167
0.3820822
0.372812
0.3939725
0.497814
0.5714066
0.6173024
0.5959877
0.5837815
0.6021343
0.5158203
0.4019836
0.3109338
0.3387385
0.3714832
0.4300461
0.4465203
0.3989934
0.428149
0.4828882
0.4128132
0.5868868
0.5264153
0.498938
0.4274443
0.3981736
0.3796305
0.4671954
0.3930568
0.4270724
0.4373951
0.4123098
0.3668736
0.4826261
0.453348
0.4537591
0.4052627
0.4301677
0.401224
0.3586533
0.3740423
0.3073017
0.496853
0.5240561
0.4814575
0.3575646
0.4041544
0.4116634
0.3924498
0.5170944
0.5205523
0.5376647
0.3852774
0.3894625
0.3822853
0.4070862
0.4648899
0.4480172
0.4825514
0.4835096
0.4105027
0.4856503
0.4260045
0.3897718
0.3976398
0.4941253
0.5094625
0.5241503
0.5358595
0.5619831
0.5663188
0.5613841
0.5530657
0.6552631
0.6036174
0.5728362
0.4853405
0.312533
0.4073865
0.4099663
0.4847839
0.4922606
0.5031841
0.4724133
0.5080359
0.5349845
0.5657934
0.5354871
0.4977093
0.4995281
0.5101707
0.4287718
0.2980736
0.3291831
0.4540999
0.4193835
0.3407108
0.352429
0.4694887
0.5529573
0.4673711
0.4384863
0.4449435
0.4583888
0.4858555
0.4529786
0.4273098
0.4257914
0.4773875
0.4359136
0.4821863
0.5386453
0.5271905
0.5327895
0.5478352
0.4901097
0.486247
0.5267197
0.5261337
0.5153587
0.5480316
0.5990321
0.5952297
0.5927051
0.6052643
0.5974708
0.5910915
0.467689
0.4524056
0.3409163
0.3929015
0.4380044
0.4742776
0.4873483
0.4458522
0.4212979
0.4003638
0.3678451
0.376936
0.3629345
0.4974213
0.4486488
0.4521219
0.4633691
0.5014304
0.5669009
0.5859242
0.4894933
0.4480874
0.4272632
0.4342943
0.4268368
0.4911817
0.5097733
0.5236093
0.5019934
0.5749501
0.5629947
0.471307
0.4328183
0.4351754
0.3957789
0.4760378
0.5426236
0.5152434
0.6066363
0.6861986
0.6959227
0.687181
0.5799931
0.5053966
0.4853789
0.4144444
0.4244421
0.5502302
0.4927464
0.4315471
0.4158244
0.3697206
0.499414
0.5281863
0.4868262
0.3174363
0.3747712
0.4880908
0.4764613
0.4621843
0.4701204
0.4494414
0.4466661
0.4482296
0.44877
0.495319
0.3964695
0.3633392
0.4579966
0.4979338
0.5322393
0.5085223
0.4777127
0.5129442
0.5016037
0.4984727
0.4793576
0.4805762
0.5288065
0.5688524
0.5458156
0.5159186
0.4580559
0.4814399
0.5279009
0.4628155
0.4307769
0.4709164
0.5007576
0.4797896
0.4691922
0.5053267
0.5302995
0.5374021
0.5149981
0.5482107
0.5275433
0.5180795
0.5481933
0.5480288
0.5761189
0.5790702
0.5993048
0.5346733
0.4935066
0.4653285
0.4750193
0.5310342
0.4955808
0.4651323
0.4763572
0.4859083
0.4251452
0.4349929
0.4202875
0.4082082
0.3906091
0.4027664
0.428231
0.4429571
0.4477828
0.3990732
0.4243994
0.4260875
0.436575
0.4458181
0.5118982
0.4432022
0.436145
0.4688451
0.4269314
0.4500774
0.4870383
0.4890933
0.4858293
0.4546253
0.5054725
0.4813446
0.4643869
0.4180264
0.4410873
0.4292334
0.4278229
0.4073971
0.4560183
0.4227949
0.4322954
0.3893906
0.399617
0.4286681
0.4138915
0.4017477
0.4119817
0.4808414
0.4672949
0.506658
0.5481711
0.5636778
0.5749152
0.5513378
0.5179813
0.4824001
0.4822022
0.4505107
0.4492927
0.4766073
0.4834842
0.4754603
0.4701141
0.4257419
0.5031325
0.5437665
0.5274385
0.4813086
0.4485264
0.5043298
0.5327615
0.5387053
0.5932145
0.5103685
0.5235943
0.5312699
0.5353099
0.5655966
0.5094075
0.5009228
0.4367568
0.4043067
0.3777811
0.3334565
0.2341107
0.2274867
0.2014631
0.24442
0.2807358
0.2769402
0.3582188
0.4406983
0.4570732
0.4516344
0.4551441
0.4716574
0.5262472
0.4528349
0.5282928
0.5387859
0.4928766
0.5572985
0.4623625
0.4808882
0.453893
0.3723198
0.4023554
0.4960842
0.526126
0.4997092
0.4416212
0.4247953
0.3978295
0.4110127
0.5058003
0.6099647
0.5420195
0.5251931
0.4780433
0.5156738
0.4877804
0.515949
0.4952178
0.445117
0.4912149
0.4662407
0.4243976
0.383604
0.4123803
0.4068656
0.4005233
0.5304787
0.3952716
0.3759923
0.417124
0.4321268
0.3214043
0.2823644
0.3096836
0.2874509
0.335081
0.4367991
0.434991
0.4443371
0.4213137
0.4202539
0.4254389
0.448589
0.5032358
0.507758
0.5619866
0.5450931
0.4766677
0.4811657
0.5132405
0.5412324
0.5512745
0.4916698
0.5141513
0.5277043
0.5821896
0.5178515
0.5657734
0.6015377
0.5167699
0.5410381
0.5227335
0.5190659
0.514839
0.6001362
0.5561804
0.6274469
0.5501639
0.479611
0.5211389
0.4657846
0.5110133
0.4993905
0.5223227
0.5721921
0.5199382
0.505681
0.4419567
0.400479
0.4139212
0.4141151
0.5164351
0.5443178
0.5211437
0.5288014
0.5173276
0.5477095
0.5051396
0.5442765
0.5213874
0.4996752
0.4999878
0.5488056
0.4494672
0.4364075
0.4501752
0.4940853
0.4077407
0.4070774
0.3748145
0.3914531
0.338551
0.3747394
0.3581975
0.3703573
0.3919625
0.4005798
0.388402
0.3482719
0.3462602
0.2617966
0.257439
0.3074558
0.3795111
0.407669
0.3828546
0.3806703
0.4320568
0.4358623
0.4359899
0.4838268
0.4991882
0.487985
0.4349261
0.44094
0.4356726
0.5314515
0.4470739
0.5633193
0.505067
0.5407082
0.5645108
0.5719308
0.5457275
0.5212043
0.5150465
0.4971967
0.5141517
0.5144491
0.4953
0.5018266
0.5615561
0.5151904
0.5527947
0.5052463
0.504929
0.4975527
0.4578413
0.4915102
0.4776079
0.481025
0.4140821
0.4422113
0.3520648
0.3633297
0.3582342
0.3254388
0.359689
0.3919321
0.3811067
0.3750092
0.4097175
0.4411964
0.3934064
0.4153635
0.4093518
0.4115117
0.396269
0.4952769
0.4584494
0.4797724
0.4871022
0.4964911
0.4848566
0.4641523
0.4475824
0.4558306
0.4915888
0.5427154
0.5378948
0.5756299
0.5295889
0.6581203
0.703257
0.6644603
0.6457191
0.7088153
0.6373584
0.6330623
0.655302
0.5845928
0.5511732
0.5358056
0.5240475
0.5476641
0.5371728
0.5726928
0.4743822
0.4843701
0.4921765
0.5472869
0.5639924
0.5129538
0.4704697
0.4862488
0.4917923
0.5441369
0.5446645
0.5187319
0.4828959
0.4519745
0.38641
0.3776896
0.4416492
0.4222252
0.4295103
0.3525057
0.3608215
0.3960606
0.3846135
0.3837768
0.3635121
0.3513419
0.3740083
0.3585964
0.3486745
0.4789382
0.5346755
0.4948983
0.4506678
0.4431034
0.4514636
0.4368595
0.4927238
0.5513573
0.4893182
0.4925676
0.4742064
0.5312734
0.4989302
0.5010697
0.4622276
0.4413706
0.4939396
0.4356993
0.3866857
0.3493904
0.3246335
0.2348518
0.2680194
0.3384557
0.3262277
0.294143
0.237932
0.2413722
0.1826771
0.2119917
0.2261048
0.2960228
0.2881573
0.3711624
0.44364
0.4352366
0.4661713
0.4490516
0.4691351
0.4624429
0.4084771
0.4004357
0.4738152
0.4376707
0.3913052
0.3683495
0.3427204
0.3174076
0.4144014
0.4321152
0.4655024
0.4898576
0.4372859
0.4552307
0.4678108
0.4968534
0.4722677
0.4156691
0.4315418
0.4527053
0.432395
0.5448642
0.5637103
0.5644362
0.5015322
0.5813926
0.4745814
0.396205
0.413883
0.3473183
0.223222
0.2674869
0.2422319
0.2877499
0.346922
0.2910547
0.2887421
0.3264097
0.4317991
0.4903324
0.4777324
0.4711159
0.4649488
0.4409894
0.4609138
0.379654
0.3971006
0.3065349
0.3935629
0.3969888
0.4354779
0.4248872
0.4008935
0.4151219
0.3769808
0.3701177
0.3910002
0.3694422
0.4239008
0.4005965
0.4182249
0.456643
0.407676
0.4202975
0.3849585
0.3714113
0.361758
0.3741663
0.3076742
0.2779691
0.3143797
0.3694286
0.4117246
0.4830613
0.4743299
0.5018719
0.5120299
0.5058114
0.4772807
0.4563293
0.4614906
0.4147764
0.4356051
0.420531
0.4738126
0.3446199
0.3120961
0.3339571
0.4022865
0.3952705
0.3942809
0.4198483
0.4843245
0.5434239
0.5392876
0.5434308
0.5221933
0.5946773
0.6018986
0.5779983
0.5122729
0.5508728
0.5135547
0.5145085
0.4398554
0.4697943
0.4910278
0.465837
0.4960762
0.4555085
0.4324934
0.4036331
0.3736355
0.220229
0.299276
0.3036788
0.3331525
0.3121272
0.3522624
0.3488514
0.3003828
0.3563806
0.310871
0.3524501
0.3611932
0.3793488
0.5020909
0.448754
0.4776314
0.4245292
0.3579063
0.3316664
0.314771
0.2622698
0.3769008
0.3919064
0.4060514
0.4302176
0.4316441
0.4392226
0.4962395
0.5297834
0.5175314
0.558832
0.5866521
0.6118913
0.6165443
0.6363011
0.5616417
0.6627868
0.6847508
0.5502514
0.4683537
0.3877474
0.4537332
0.4471472
0.4293731
0.4179103
0.3868188
0.4713725
0.4801252
0.3468082
0.3710951
0.4241667
0.4048128
0.4882947
0.5107882
0.5328575
0.5403593
0.4865373
0.5002473
0.4770901
0.395265
0.3456324
0.3351147
0.3734426
0.3432004
0.3274646
0.4000903
0.4099001
0.4267382
0.4023174
0.4129605
0.4667086
0.5345393
0.5438897
0.519984
0.5630248
0.6576939
0.6539037
0.6920546
0.5869063
0.6292287
0.623601
0.6771783
0.6085993
0.6109907
0.5533748
0.5140204
0.5061012
0.5488103
0.4940055
0.532255
0.5045948
0.5297941
0.5369815
0.496225
0.5008726
0.5082379
0.4623657
0.5168793
0.4649925
0.4676831
0.4923876
0.4538769
0.4398907
0.4218357
0.3677458
0.3974807
0.4120766
0.421797
0.4067082
0.3784027
0.3872451
0.3714071
0.4219918
0.4815501
0.526062
0.5536452
0.4851617
0.4615747
0.4428986
0.4426559
0.3917499
0.3671062
0.3876216
0.4037935
0.4645829
0.4598581
0.463323
0.4826257
0.4881455
0.5041804
0.4518251
0.4820982
0.4970215
0.5059889
0.4981134
0.4974674
0.5601567
0.5635821
0.5315481
0.4698587
0.5038745
0.5503064
0.4924674
0.4767156
0.4957948
0.4987476
0.5101768
0.5403963
0.5284228
0.4388563
0.392304
0.3959343
0.3867907
0.3878914
0.4027886
0.363162
0.3967606
0.3457951
0.3079228
0.3224639
0.4019589
0.3605955
0.3707672
0.4036185
0.406028
0.4088615
0.3805201
0.4267605
0.4780005
0.5109172
0.5188519
0.5030183
0.5098613
0.5336663
0.5927264
0.5934917
0.5487733
0.5080856
0.4643597
0.4680696
0.5003837
0.5356036
0.5404624
0.5824558
0.529506
0.432566
0.3928443
0.3828873
0.3934091
0.3639292
0.3645699
0.3481258
0.4157396
0.4666452
0.4537197
0.4832164
0.438092
0.4824432
0.4765114
0.461555
0.4646772
0.4732973
0.5057299
0.5726361
0.5333107
0.5732923
0.6127119
0.5653462
0.5909168
0.5576926
0.5530692
0.5456612
0.5285666
0.5244874
0.5762782
0.5867126
0.5284519
0.4496951
0.4289723
0.4025745
0.4100903
0.3813956
0.3698642
0.3603679
0.4126079
0.4237862
0.4324035
0.4497226
0.397142
0.3182323
0.2975486
0.3682776
0.5188806
0.530265
0.5421079
0.5011694
0.4876651
0.455802
0.4534202
0.3538877
0.3953407
0.4013507
0.3947067
0.3905191
0.4459299
0.412805
0.3811786
0.416181
0.476295
0.4634595
0.4540777
0.4124918
0.4075269
0.3906127
0.4091319
0.381071
0.3901393
0.3698978
0.3442821
0.3438
0.3065479
0.3471084
0.3073472
0.3001284
0.3251238
0.3699404
0.328063
0.292736
0.2650767
0.3869237
0.4661345
0.4397903
0.3909011
0.3768464
0.4199487
0.4167338
0.436304
0.456624
0.4920624
0.4771411
0.4433515
0.4691582
0.4859658
0.4787774
0.4771449
0.4863748
0.4989744
0.4943019
0.4747063
0.4236475
0.4036523
0.4866725
0.549069
0.5785075
0.5673355
0.610646
0.5629171
0.5612012
0.6319708
0.5944476
0.5905352
0.5158668
0.5176415
0.5096804
0.4890707
0.5027189
0.5205314
0.4961298
0.4310294
0.4484797
0.4060001
0.4272214
0.4973434
0.5142232
0.4952013
0.4937911
0.4996367
0.5714789
0.5707109
0.6012049
0.5929926
0.6214049
0.5810843
0.5971717
0.5048174
0.5270338
0.5967869
0.5958586
0.5798125
0.573238
0.6040006
0.6098917
0.6372433
0.6142067
0.5736698
0.5791297
0.5962385
0.6226595
0.6713649
0.6955284
0.6190145
0.6538259
0.6697025
0.6162384
0.5831013
0.5500801
0.5183015
0.5735784
0.6542388
0.6141339
0.6160269
0.6033523
0.5865922
0.6096759
0.6194544
0.5660049
0.5931939
0.5435515
0.5768896
0.5800315
0.5224044
0.4733616
0.4226935
0.406374
0.3798201
0.3754971
0.4100983
0.4564751
0.4011523
0.4571358
0.4247595
0.4199702
0.4054131
0.3922697
0.4299463
0.4331994
0.4308398
0.4179098
0.4558786
0.4198944
0.3899117
0.4087079
0.4062122
0.4293869
0.4187837
0.4195316
0.44803
0.563988
0.445121
0.4452476
0.4908177
0.4591462
0.4979848
0.5226503
0.54685
0.5323927
0.5588063
0.4937095
0.4623923
0.486915
0.4976159
0.5029202
0.5092447
0.5431562
0.5944931
0.5636317
0.5240123
0.452903
0.4284372
0.4724882
0.475706
0.4740669
0.3979903
0.3725122
0.3709133
0.4492613
0.5169218
0.4469525
0.5023631
0.5180263
0.503532
0.5430999
0.5593012
0.5965762
0.5691677
0.5201665
0.4628775
0.4759905
0.4962182
0.5654959
0.528472
0.4779088
0.4675773
0.4099432
0.4174188
0.4335772
0.3604286
0.3990951
0.4531299
0.4369503
0.3563631
0.3458544
0.3452352
0.38696
0.4077395
0.4460018
0.4536854
0.4798166
0.4630961
0.4685575
0.4791953
0.5367037
0.5841852
0.6014569
0.5907477
0.5826553
0.5612974
0.5500553
0.5274619
0.5299658
0.5189733
0.5556938
0.5393624
0.5399172
0.5435458
0.5883042
0.5565456
0.5904182
0.5844148
0.6006512
0.6250247
0.5900522
0.5980168
0.5431786
0.5388732
0.5113142
0.5771721
0.6154786
0.5105928
0.4683939
0.4425216
0.4874163
0.4598926
0.4991636
0.477954
0.4792436
0.4217429
0.4047088
0.3903617
0.3851044
0.3871023
0.4354873
0.453036
0.4568368
0.5129998
0.4777307
0.4543831
0.478007
0.5006575
0.5656372
0.5674641
0.49067
0.4790444
0.4604747
0.4640566
0.5450503
0.5314014
0.5904498
0.60182
0.5752165
0.5571437
0.4861964
0.5500137
0.5405847
0.5075953
0.4653316
0.4373148
0.4428168
0.4741412
0.4954531
0.4669159
0.4601872
0.3845956
0.3949224
0.3806326
0.3474601
0.3472643
0.3078771
0.3049834
0.283111
0.2985622
0.3091515
0.3412816
0.4138717
0.3768723
0.4087815
0.4412923
0.4616
0.4698648
0.4105339
0.4297453
0.3882518
0.381699
0.3139245
0.4078006
0.372858
0.424489
0.3835658
0.3859112
0.2843013
0.3478829
0.369267
0.3719098
0.4266769
0.4713627
0.4504583
0.4296972
0.4536488
0.3687186
0.4244481
0.4191433
0.4103314
0.4589912
0.4778633
0.5125886
0.4703529
0.4234126
0.4617499
0.4868045
0.5231154
0.5134931
0.5547306
0.4750878
0.4310769
0.4162732
0.4211357
0.4080413
0.4284155
0.416078
0.4491557
0.4214803
0.482245
0.4484548
0.4248713
0.4572876
0.3501224
0.3316441
0.3790741
0.3760925
0.3761388
0.37145
0.332073
0.4231131
0.4327746
0.3494017
0.3538516
0.2492281
0.3225449
0.3156139
0.267083
0.3371347
0.4709912
0.4757449
0.3862458
0.500769
0.4255958
0.3769635
0.3374854
0.3500494
0.3816367
0.4337493
0.4331885
0.363136
0.4680994
0.4106848
0.464901
0.4705464
0.4645438
0.4985521
0.5245473
0.6781444
0.6427434
0.5933835
0.5015441
0.4779399
0.3376444
0.366568
0.4849715
0.4604142
0.4105189
0.5073112
0.4590609
0.4202134
0.3833365
0.3952043
0.3820025
0.4262192
0.3737382
0.3584358
0.3531753
0.4080038
0.4779772
0.4603106
0.4071761
0.4187952
0.4213873
0.4457997
0.436228
0.4244663
0.4059117
0.4576095
0.4689668
0.4393679
0.4604961
0.4620947
0.452179
0.4628004
0.4846753
0.5241814
0.5564672
0.5660405
0.4991958
0.4914817
0.4600034
0.4523561
0.374859
0.3555605
0.3925376
0.3880606
0.4292717
0.4414486
0.4592633
0.4496725
0.3880184
0.3822963
0.3748623
0.3147513
0.3880999
0.4234965
0.4563923
0.446889
0.3765686
0.3609923
0.3282187
0.2753806
0.2216498
0.2131917
0.2449852
0.251553
0.2772375
0.3695202
0.4095459
0.4157398
0.4647771
0.5304316
0.5592742
0.5207173
0.591662
0.5027896
0.5695232
0.5394257
0.5351942
0.5839409
0.5992492
0.6289445
0.635686
0.5548038
0.5792671
0.5930392
0.5896645
0.6160459
0.5694657
0.5148763
0.5120981
0.4630813
0.4304971
0.4132111
0.4245241
0.4223856
0.4282181
0.5186609
0.5479634
0.5747152
0.5704668
0.5418862
0.4403583
0.3465249
0.2733142
0.2946798
0.2748863
0.3337629
0.3895087
0.4059947
0.4041066
0.4850147
0.5188958
0.5044017
0.5318102
0.4920668
0.4965895
0.5030193
0.5103629
0.5051079
0.554304
0.5208834
0.5291786
0.4857669
0.4827797
0.467688
0.4506822
0.4251271
0.4194289
0.4179979
0.4774137
0.4561836
0.5001536
0.4523795
0.4583089
0.4468372
0.366055
0.3554099
0.2806707
0.3321745
0.3204521
0.2746926
0.3262489
0.3781248
0.3901927
0.4765596
0.5255595
0.5657936
0.5329122
0.5705964
0.5345799
0.5608076
0.5734656
0.5783067
0.5870511
0.6093541
0.5934163
0.5681115
0.5562552
0.5410392
0.5415916
0.4698405
0.5054174
0.5070801
0.4962382
0.4518781
0.5041975
0.523954
0.5005058
0.5068253
0.4780055
0.5061788
0.497815
0.5426675
0.5572412
0.5532556
0.4578652
0.46434
0.4387338
0.3967873
0.4373242
0.4118423
0.4948177
0.4344271
0.4164883
0.4585546
0.377503
0.439946
0.539379
0.6266571
0.5261589
0.4436815
0.458908
0.5554248
0.6271553
0.5765648
0.5911399
0.4690996
0.4933646
0.5330942
0.5579307
0.4763546
0.4446427
0.4481711
0.4983493
0.4587817
0.4656015
0.5247028
0.4641625
0.5476346
0.5567489
0.515083
0.4973885
0.5290506
0.4969452
0.4527508
0.4079436
0.4329458
0.3877113
0.4301977
0.4534288
0.4570971
0.4071282
0.3602166
0.4185416
0.4130957
0.4463823
0.5114583
0.5056738
0.5394145
0.5572575
0.5184109
0.5291606
0.5728916
0.5953223
0.571948
0.5635858
0.5480468
0.5414871
0.5423132
0.5358998
0.5011194
0.4851553
0.5202406
0.5518994
0.4673438
0.4403235
0.4085944
0.446507
0.454166
0.4586105
0.4870587
0.4680911
0.4447319
0.4347227
0.3786767
0.3102921
0.2487215
0.2327637
0.2481952
0.3150804
0.2972907
0.2943031
0.2933785
0.3594686
0.3967898
0.4080563
0.4192627
0.4486682
0.4198113
0.4231906
0.4377563
0.4648287
0.457061
0.4598126
0.4497396
0.4251703
0.4680219
0.4760703
0.4872518
0.4977431
0.5229999
0.5156815
0.5618078
0.5447616
0.5740456
0.6080876
0.6016086
0.6183569
0.5565369
0.5187083
0.5308414
0.5115493
0.528173
0.4191371
0.4467063
0.4382375
0.4956153
0.4704069
0.5005888
0.5182591
0.5241982
0.4587728
0.4884395
0.4227222
0.3800823
0.4285946
0.4222599
0.4663829
0.4173751
0.4406469
0.387011
0.4497883
0.4576603
0.4654706
0.4388307
0.4783066
0.4997417
0.4646883
0.4489996
0.4400878
0.467844
0.518809
0.4881032
0.5472228
0.4612754
0.5186941
0.508181
0.5340323
0.5292711
0.5476757
0.5088867
0.4888821
0.3393702
0.4089919
0.39186
0.4647199
0.4992469
0.4185384
0.4540189
0.4342372
0.3529719
0.3576858
0.3603153
0.3259964
0.3490384
0.455915
0.3872664
0.4160822
0.4770317
0.463186
0.5105489
0.5520316
0.5207998
0.3495878
0.3720827
0.3763223
0.362902
0.3654897
0.4120268
0.4327158
0.434385
0.4501897
0.4457211
0.3975072
0.3688696
0.450015
0.3951868
0.4436578
0.4776018
0.3845299
0.4225044
0.4629294
0.4507569
0.4098026
0.4360955
0.3997219
0.4113661
0.4512829
0.4600647
0.409813
0.4887752
0.4662417
0.469724
0.4880323
0.4762564
0.432635
0.4279087
0.4515183
0.4739365
0.5055168
0.4486587
0.4232103
0.4368201
0.4142034
0.4375319
0.4344762
0.4796227
0.4826278
0.4968024
0.4939865
0.4825161
0.5567578
0.5764419
0.5760123
0.5837504
0.5538037
0.5644548
0.5964762
0.5625385
0.5492723
0.535227
0.469692
0.4531078
0.4983972
0.5348304
0.5763071
0.603175
0.5841587
0.5807777
0.5437998
0.5375639
0.4987112
0.4209296
0.3939268
0.427745
0.422111
0.4595661
0.4797576
0.5097756
0.5184466
0.4287741
0.3901581
0.3510642
0.3309886
0.3289964
0.3595845
0.4042502
0.3800732
0.3562244
0.3483894
0.3947331
0.2963072
0.3437875
0.4055445
0.4131739
0.414405
0.4423937
0.4214108
0.4189189
0.4285236
0.4107764
0.4627934
0.4687256
0.5078843
0.5172918
0.4596067
0.5100326
0.5545258
0.5594221
0.4823823
0.5164692
0.5500024
0.5626036
0.5869803
0.5498761
0.5539793
0.5943458
0.5678875
0.573128
0.5184881
0.5021238
0.5012355
0.5138252
0.4548668
0.503481
0.4557136
0.4839425
0.5047815
0.4843678
0.4909506
0.4711296
0.5028545
0.4863501
0.5323312
0.5598122
0.5451168
0.4222051
0.4094587
0.3789067
0.5009087
0.4288288
0.3351287
0.4778554
0.503826
0.5707096
0.4984767
0.4813582
0.4424973
0.4880179
0.4700397
0.5453034
0.6558499
0.7387551
0.6227262
0.5744433
0.4849778
0.4141371
0.4686705
0.4287356
0.4535698
0.3732213
0.3803989
0.4691984
0.556269
0.4371142
0.5252819
0.4921993
0.5265843
0.5309414
0.5169193
0.4538017
0.5077707
0.4613673
0.5669493
0.5189833
0.485481
0.458234
0.4968809
0.4907892
0.5618855
0.5710298
0.6057831
0.5515316
0.6005922
0.6282826
0.610151
0.583094
0.5618254
0.5020334
0.5404179
0.5349206
0.5859059
0.5360985
0.5468582
0.489971
0.4363738
0.3495159
0.4620394
0.5018904
0.5388043
0.5159886
0.4958653
0.4185111
0.4412317
0.3846162
0.401935
0.4010305
0.3770701
0.4490867
0.4546724
0.4498966
0.4582951
0.49194
0.4923293
0.4955888
0.4920059
0.4528367
0.4649709
0.5043075
0.5207391
0.5681443
0.5738926
0.5723256
0.5793275
0.5604324
0.5708979
0.6000399
0.6214694
0.6308915
0.6476244
0.6836481
0.6298339
0.5986526
0.6061397
0.5598623
0.5383401
0.5653901
0.577611
0.5964493
0.5886917
0.5378722
0.5162502
0.5173799
0.5405137
0.5615223
0.5652721
0.5182644
0.439278
0.4738555
0.4642362
0.4430311
0.4352965
0.4282348
0.4239939
0.4557863
0.428341
0.458694
0.4681751
0.4086912
0.439119
0.487703
0.4851397
0.4622419
0.4051792
0.4196833
0.3814646
0.3632291
0.3738952
0.3602007
0.3822945
0.4001304
0.3786389
0.365591
0.3582697
0.4096116
0.4216529
0.4352969
0.443453
0.4866528
0.5543915
0.5705129
0.5748211
0.5315696
0.5418226
0.5217837
0.5428527
0.5128223
0.5175748
0.5621889
0.4704992
0.4876719
0.4339945
0.4354882
0.4433759
0.4141295
0.3790502
0.3668215
0.3158697
0.3720228
0.4208138
0.393035
0.3867939
0.370889
0.4598222
0.4085284
0.4394818
0.5091622
0.5124541
0.5078603
0.4887298
0.4680688
0.4751396
0.4485145
0.4064962
0.4934394
0.4959163
0.4932319
0.4694329
0.4914625
0.4165162
0.4910978
0.4641043
0.501669
0.4712999
0.4789451
0.5163322
0.502321
0.4546485
0.4821986
0.4708687
0.4737895
0.4767229
0.4590313
0.424809
0.50513
0.5445917
0.5657612
0.5442458
0.4874665
0.3946
0.3722351
0.3792666
0.4577701
0.4867407
0.4373498
0.4775453
0.4944085
0.4693774
0.4582836
0.4384571
0.3325484
0.404055
0.4166525
0.3860248
0.4663087
0.5687925
0.5822985
0.5414459
0.529029
0.4928494
0.5400632
0.4404428
0.4441211
0.4278285
0.4879754
0.5180938
0.5444901
0.4237827
0.3913611
0.4774666
0.5129372
0.4462276
0.436249
0.4499858
0.4862478
0.5264711
0.5985514
0.5209376
0.557243
0.6039239
0.6343179
0.5929286
0.5424986
0.5208232
0.4605671
0.437021
0.4171112
0.4045508
0.3985707
0.394379
0.3930048
0.4301355
0.4128911
0.4963714
0.4824531
0.473554
0.5130508
0.526784
0.5539064
0.5758243
0.6090581
0.6050962
0.5809509
0.6061374
0.5648377
0.5941335
0.4985078
0.4339257
0.4241184
0.4562598
0.3877853
0.354516
0.3641335
0.3020178
0.3152279
0.3466946
0.311851
0.3566895
0.3690137
0.3903372
0.3784664
0.3867108
0.4190893
0.4661856
0.4916799
0.4383514
0.3758472
0.422114
0.4024126
0.387173
0.3301093
0.3630227
0.3297641
0.3522911
0.4023338
0.4148199
0.4190948
0.4175541
0.4469031
0.4835444
0.4704268
0.533276
0.5679135
0.5293606
0.5145621
0.5661901
0.5140946
0.565631
0.4982932
0.6139037
0.6223282
0.5940006
0.5762641
0.5956194
0.5796917
0.5528941
0.6176329
0.5947305
0.6577875
0.5859151
0.5669574
0.5532764
0.5458307
0.5417902
0.6129448
0.5694186
0.5933043
0.6050333
0.6494039
0.5919287
0.5883404
0.5858778
0.6038653
0.5820462
0.5009344
0.4352753
0.368032
0.3720999
0.3384392
0.3910143
0.4379609
0.5018491
0.5767553
0.6143605
0.6596468
0.5847413
0.4949681
0.4405902
0.4207494
0.4944417
0.4769405
0.5318162
0.566802
0.5552494
0.6209619
0.5797701
0.5356699
0.5637287
0.4993923
0.4273846
0.4425398
0.4321516
0.5055837
0.6016935
0.6037746
0.6368283
0.6087151
0.5801226
0.5571414
0.5481713
0.5742859
0.5741182
0.6054144
0.6511341
0.5814908
0.5503169
0.5720969
0.5824038
0.5956743
0.599701
0.537641
0.5416283
0.5701159
0.5582378
0.5680943
0.5688762
0.6102729
0.6019194
0.6139194
0.5715867
0.5366385
0.5423931
0.5712676
0.5046017
0.5017554
0.4747063
0.4641372
0.4914137
0.4546128
0.4506683
0.4692774
0.4720329
0.4658362
0.4488757
0.4419993
0.4403528
0.3865815
0.3688839
0.426486
0.4821462
0.4679839
0.4861555
0.4513697
0.4362482
0.4375773
0.441837
0.4404333
0.4607571
0.4276762
0.4494663
0.4277349
0.3836639
0.382874
0.4614528
0.4272551
0.4882738
0.5188988
0.5722058
0.5085568
0.5096655
0.4841188
0.4761371
0.4373959
0.4364625
0.3958263
0.4094201
0.4243138
0.4218145
0.4248438
0.3546102
0.3555345
0.4010336
0.4133114
0.443792
0.4826462
0.4736873
0.486785
0.4403874
0.4282246
0.4519748
0.4329502
0.4881763
0.3945103
0.3767591
0.4060236
0.4407068
0.4406334
0.3793832
0.3688038
0.4515181
0.4317299
0.5439257
0.5617403
0.5667439
0.5556188
0.5715041
0.51237
0.5437463
0.4498687
0.4507705
0.4707508
0.5093971
0.5466475
0.4204454
0.4373875
0.4556406
0.5499419
0.5355782
0.5680226
0.6232737
0.527801
0.5266365
0.5680475
0.5738001
0.5217919
0.4421654
0.4981611
0.6096221
0.5309772
0.4856859
0.4056787
0.4277449
0.4350447
0.5780463
0.5347963
0.4945752
0.4077144
0.3774707
0.4684883
0.5045825
0.3488024
0.4415085
0.5505862
0.5492563
0.4776201
0.3855787
0.4538192
0.37357
0.3888051
0.4060125
0.4008285
0.3838147
0.4313177
0.4706157
0.526055
0.5361661
0.5337575
0.5426375
0.5423532
0.4906006
0.5029793
0.4865174
0.4990319
0.4858763
0.487849
0.5327122
0.574038
0.5375552
0.5761754
0.5667409
0.5374685
0.5648857
0.5623053
0.5766008
0.5747051
0.583945
0.5885755
0.5343297
0.5172594
0.4830832
0.4852424
0.4820925
0.4571802
0.4984039
0.5054041
0.4783336
0.5438548
0.5307893
0.5102224
0.487201
0.5214784
0.4893968
0.4864858
0.5313866
0.4704959
0.3640965
0.4535128
0.473488
0.5338821
0.5565496
0.5605516
0.5173764
0.5210268
0.5124104
0.5062337
0.4721598
0.4748828
0.4835206
0.5021901
0.5143825
0.5109401
0.5506913
0.5178026
0.49777
0.4402547
0.4736896
0.4431326
0.4401757
0.4775084
0.4412082
0.4202485
0.4251421
0.4376069
0.5208352
0.5057841
0.5966392
0.6415365
0.6240917
0.6129146
0.6235509
0.5584596
0.5387898
0.5123204
0.5609672
0.5934073
0.5421871
0.5253853
0.5365437
0.4813226
0.4847717
0.5283685
0.559263
0.5552606
0.5755549
0.5818189
0.6239148
0.5845232
0.635992
0.6652107
0.622958
0.6123997
0.5484121
0.5384972
0.5716886
0.531837
0.5117474
0.4788402
0.4668392
0.4727673
0.4162043
0.4395909
0.4406361
0.417053
0.4175372
0.4548367
0.4823173
0.4754199
0.530667
0.5782501
0.5440854
0.5026128
0.4744951
0.4438206
0.4192148
0.4416409
0.4101134
0.3581892
0.3876947
0.3960765
0.3803364
0.425223
0.4010277
0.4290733
0.4086932
0.4503318
0.4821343
0.5242497
0.4736202
0.4062948
0.456836
0.4366586
0.3751146
0.3755707
0.4400499
0.3396641
0.2994592
0.3047763
0.2845269
0.3575817
0.4124045
0.2821377
0.333875
0.3103498
0.345706
0.3717065
0.3547466
0.38506
0.395574
0.4056536
0.4110924
0.406287
0.4500547
0.4843731
0.5101165
0.423867
0.4517177
0.4563128
0.3624379
0.360898
0.4501625
0.4764493
0.4477134
0.4797175
0.4927517
0.4387445
0.4721119
0.4808738
0.5113195
0.5784524
0.5288927
0.4730447
0.4831193
0.4731637
0.470403
0.5395639
0.5326499
0.4708284
0.4823551
0.4793612
0.4804131
0.4717717
0.4869055
0.5175887
0.5129635
0.4560351
0.4583866
0.3834116
0.3693242
0.3680628
0.3602553
0.3811468
0.4079928
0.4419755
0.4713015
0.4672281
0.4280351
0.3945779
0.3795542
0.3580007
0.295393
0.3962154
0.4201846
0.426015
0.4664047
0.4666068
0.4130815
0.4371475
0.4033673
0.3722254
0.3393127
0.4005762
0.3853027
0.3433502
0.3493988
0.3195378
0.3557147
0.3552412
0.4108641
0.3946558
0.4232555
0.4026337
0.4711934
0.4413585
0.4165502
0.3688441
0.3886947
0.3716893
0.4387365
0.5163286
0.4596525
0.4775957
0.4736598
0.4802405
0.507826
0.5054476
0.5394331
0.5492229
0.5731534
0.5389688
0.5048628
0.4879976
0.4212567
0.54868
0.5832909
0.5689358
0.5990277
0.5772736
0.4553601
0.4227062
0.4706548
0.5248628
0.4871325
0.4362872
0.448121
0.4392178
0.455097
0.4888226
0.5118386
0.5239045
0.4707636
0.4431153
0.4011619
0.3947701
0.4477586
0.5652704
0.5215221
0.4714033
0.3947186
0.3732899
0.4670539
0.4607621
0.4642732
0.4824384
0.420254
0.3529593
0.3912601
0.3810239
0.3686725
0.3875931
0.3479482
0.3989087
0.436364
0.4631516
0.527493
0.5090565
0.5207752
0.5385423
0.5345144
0.558858
0.5668231
0.5788532
0.5193412
0.4732057
0.4303073
0.4382949
0.4004672
0.4413236
0.5160156
0.5320107
0.5240812
0.5517107
0.5649305
0.4910281
0.4785864
0.4293533
0.4549633
0.4555812
0.4317878
0.4574678
0.3909627
0.3342047
0.3875455
0.450329
0.4424524
0.4633535
0.505489
0.4880436
0.4901345
0.5689837
0.6070852
0.5550885
0.4247706
0.5442191
0.6542115
0.61926
0.6985752
0.6516891
0.6119866
0.5474676
0.4365471
0.4068909
0.3036408
0.360284
0.4158016
0.4310458
0.4606691
0.3952805
0.3738098
0.4156859
0.4338313
0.4529085
0.41848
0.4244918
0.3978512
0.3781372
0.3716104
0.3897972
0.3991212
0.4233253
0.4782147
0.5138785
0.4794333
0.4180556
0.492952
0.4059892
0.3863762
0.3748441
0.3360831
0.4004057
0.4249996
0.4070891
0.4079172
0.4413024
0.3934602
0.2697511
0.3467794
0.4822273
0.4548335
0.5041468
0.5322735
0.5128011
0.5901837
0.5759707
0.6089519
0.6064606
0.5939503
0.5805203
0.5487235
0.5060602
0.477529
0.5406322
0.5700877
0.4713952
0.452705
0.4489517
0.4734111
0.4733044
0.4441071
0.4578904
0.4136285
0.3973915
0.3750767
0.3699793
0.3808306
0.3581926
0.3684148
0.464201
0.4440596
0.405826
0.3784547
0.3616101
0.4222217
0.5025605
0.5366774
0.5010073
0.4608984
0.5063312
0.4835555
0.4710013
0.5208781
0.5321627
0.5158503
0.4684456
0.4691181
0.336558
0.4213591
0.3881175
0.4168491
0.4389691
0.5124365
0.4674205
0.4304028
0.4095492
0.3619959
0.3629231
0.3524313
0.3890691
0.4401315
0.4847173
0.5296658
0.5782389
0.5239823
0.5454496
0.4942475
0.5657962
0.5173239
0.5071704
0.5054845
0.5201021
0.5307053
0.4694641
0.420098
0.3990589
0.4608444
0.4860077
0.4910244
0.5172706
0.4923726
0.4407054
0.411117
0.3627875
0.3006952
0.3209919
0.3922617
0.4529275
0.4697413
0.4705794
0.4919643
0.4418969
0.4261609
0.4020312
0.4201483
0.3999155
0.4549629
0.3696137
0.4198306
0.4116393
0.4594175
0.4331716
0.4377668
0.4746597
0.4843183
0.4413249
0.4864259
0.4407329
0.4612407
0.4262778
0.4127987
0.4244412
0.3684144
0.4037499
0.3959435
0.4272221
0.4400605
0.4345048
0.4362268
0.4973058
0.4727801
0.478483
0.4530729
0.4789798
0.438407
0.3976105
0.3904228
0.4078799
0.4210975
0.4034099
0.4235912
0.3958973
0.3948213
0.3658772
0.4055802
0.4963821
0.5676161
0.6138342
0.5350765
0.5615059
0.5274105
0.517021
0.5317473
0.526993
0.5353045
0.5423874
0.5493173
0.5092406
0.5626927
0.5290669
0.4982053
0.4645014
0.4722557
0.4792365
0.503988
0.550277
0.5683699
0.6137962
0.5421914
0.514777
0.4741588
0.4761262
0.5039239
0.5170731
0.5048575
0.529186
0.4900414
0.4477851
0.4754537
0.4918659
0.500688
0.514372
0.5449342
0.5417893
0.5342473
0.4919529
0.4513396
0.4459714
0.4412448
0.4691233
0.4389732
0.4278006
0.4486283
0.4700504
0.467409
0.4641684
0.5169484
0.5125758
0.4898172
0.5102136
0.4427445
0.4458909
0.4658778
0.4709503
0.4728123
0.4788634
0.4928957
0.4624209
0.4942496
0.472449
0.4835402
0.555378
0.5239815
0.5206895
0.5333354
0.5460344
0.5610023
0.5411606
0.578582
0.58607
0.6019115
0.5266747
0.532604
0.5252406
0.5164762
0.5511423
0.5423267
0.5800765
0.5639385
0.5723358
0.5511516
0.5159738
0.5253017
0.4823439
0.4839308
0.4360867
0.415848
0.4477779
0.480454
0.5307299
0.5253326
0.541161
0.4222414
0.4162215
0.4245016
0.2553488
0.2799175
0.3080971
0.3681041
0.4177648
0.4652174
0.4262095
0.4402209
0.4720628
0.3863508
0.3325382
0.3178841
0.2990681
0.3383241
0.3219241
0.3441161
0.2680877
0.3127827
0.3743854
0.3703269
0.4087278
0.4122817
0.3889217
0.4197449
0.4203678
0.4616964
0.4255267
0.3946843
0.4372597
0.4473904
0.4860213
0.486451
0.4712071
0.4839694
0.452341
0.4020606
0.3641042
0.3361834
0.4285391
0.3883829
0.3660328
0.3579031
0.372762
0.4141349
0.3855296
0.3477681
0.3903438
0.376529
0.4553722
0.4260708
0.4550528
0.4151485
0.4089806
0.433062
0.4524671
0.444998
0.4426486
0.4743191
0.5310095
0.4870798
0.5117704
0.4266289
0.3892638
0.4839784
0.4773715
0.5090691
0.5342782
0.4484839
0.5030943
0.4697639
0.5167128
0.5067197
0.4125314
0.4396183
0.401346
0.4039328
0.3728987
0.4352374
0.327063
0.3269567
0.2793066
0.1600354
0.3063464
0.3155316
0.4006305
0.4386842
0.5120969
0.6253413
0.671341
0.5165541
0.4727067
0.4839459
0.5100287
0.4395964
0.4374757
0.4618752
0.4157053
0.452161
0.5534297
0.4426794
0.4900462
0.5015311
0.4373692
0.2897746
0.3669484
0.5112982
0.5895259
0.6514281
0.8111217
0.6222771
0.628603
0.6349837
0.5506901
0.5472571
0.511146
0.4442981
0.4847543
0.4279072
0.4111888
0.370079
0.3906203
0.3849817
0.4937835
0.3846989
0.5168726
0.4686928
0.5253714
0.5089425
0.4945115
0.4423531
0.4114003
0.3551988
0.4132355
0.4347526
0.3814043
0.3218016
0.4506547
0.4792055
0.4779698
0.3425541
0.4898599
0.5245733
0.5511234
0.518793
0.5230847
0.4192454
0.3675117
0.33169
0.3229423
0.3482845
0.3386887
0.3857719
0.4080839
0.4399668
0.5596293
0.5248489
0.5076948
0.3369374
0.3791017
0.3851765
0.420256
0.5005565
0.519435
0.5167111
0.5557135
0.5145588
0.5446925
0.4596603
0.470645
0.4881785
0.4901307
0.4306488
0.4327782
0.3157419
0.3338327
0.3367199
0.3825232
0.4093922
0.4594805
0.5550169
0.4232015
0.3514211
0.4235912
0.4706557
0.5332281
0.5172416
0.521259
0.5507559
0.5763509
0.5139446
0.5301868
0.4720926
0.5428258
0.5427047
0.5239215
0.5454543
0.5216078
0.5255469
0.5223723
0.48031
0.5269479
0.4578981
0.4684451
0.4526472
0.4038765
0.333331
0.3300559
0.354916
0.3729011
0.429369
0.4411988
0.427253
0.4721601
0.5042981
0.4964208
0.5041411
0.5144814
0.4726701
0.4592352
0.4660665
0.4527372
0.4968756
0.4873059
0.4907488
0.4969974
0.4382451
0.4727027
0.5258296
0.5151831
0.3975287
0.4041428
0.3807511
0.4792231
0.4050672
0.3756925
0.3908948
0.3506268
0.4279729
0.5209023
0.5391637
0.472229
0.4664774
0.4194122
0.3624785
0.4125592
0.5103351
0.4836863
0.4563006
0.5085088
0.4797143
0.4333564
0.4444834
0.5294162
0.4864556
0.5689886
0.4956418
0.5081314
0.4918588
0.4929583
0.4515721
0.4352525
0.4279672
0.4345721
0.4488042
0.4311624
0.4690594
0.4771945
0.4443624
0.4596367
0.5117271
0.466795
0.4635005
0.477788
0.4638486
0.484549
0.4719354
0.3860445
0.3983289
0.4047266
0.3475201
0.3249102
0.3314595
0.3016279
0.3570912
0.3895193
0.3974297
0.34438
0.3235691
0.3494353
0.3479875
0.3285806
0.3425349
0.3359199
0.3358611
0.3257906
0.3353279
0.3434986
0.3521627
0.3575879
0.3624398
0.3233836
0.3346568
0.3254037
0.3829902
0.3989441
0.3966715
0.400342
0.3598472
0.3987068
0.4216918
0.4243664
0.4481733
0.4595729
0.548076
0.5001032
0.5135186
0.5872695
0.5000714
0.5638046
0.5750864
0.5609544
0.5651555
0.5911533
0.5353577
0.4969722
0.5326557
0.5672265
0.5835123
0.5766836
0.5191067
0.4893482
0.562224
0.5867634
0.5512825
0.5560843
0.4967993
0.4734186
0.4207375
0.4550553
0.4194119
0.4513275
0.4469755
0.4369566
0.4383419
0.4515515
0.4561522
0.4382192
0.4590709
0.4935861
0.4869834
0.5252399
0.5362777
0.5471506
0.6025872
0.6482998
0.6517122
0.6290789
0.620862
0.6461534
0.6048815
0.5629018
0.5727919
0.5885128
0.6034856
0.6426181
0.6362508
0.5815974
0.5576706
0.5732498
0.5526809
0.5681015
0.5971251
0.6181542
0.6077007
0.5625122
0.458631
0.3893947
0.3659831
0.39644
0.4331184
0.4441242
0.5324917
0.4760948
0.4596523
0.4626602
0.5355616
0.4979695
0.4893941
0.4623741
0.4569929
0.4571199
0.4535772
0.328341
0.5161283
0.5300101
0.4651398
0.4733873
0.6010745
0.5321703
0.56274
0.4958739
0.5112143
0.4966607
0.4828837
0.62716
0.5832831
0.4943997
0.3320495
0.3945697
0.4440447
0.518475
0.4703389
0.5435899
0.4346802
0.3618337
0.4635514
0.4762977
0.4428021
0.4933413
0.5090704
0.4297904
0.5303318
0.4634335
0.4055858
0.430778
0.3649379
0.4937071
0.5211906
0.5468837
0.6032277
0.6714836
0.5345741
0.5457947
0.5065189
0.4849874
0.4521143
0.4836359
0.5191983
0.5177102
0.4718383
0.4498714
0.3486182
0.3248925
0.3252241
0.375731
0.4331065
0.4422402
0.5223105
0.4866646
0.6043567
0.6020755
0.5925724
0.5261509
0.4730159
0.5362487
0.5386326
0.5696822
0.5966269
0.5480904
0.4309296
0.551343
0.5763208
0.579756
0.5624857
0.4442417
0.504958
0.4335927
0.5163121
0.4851136
0.4586019
0.4500519
0.4547973
0.3847932
0.3332822
0.3072385
0.3201503
0.399227
0.4091528
0.524957
0.4604748
0.5184245
0.5708158
0.6090133
0.592541
0.514451
0.4751883
0.5028256
0.4183941
0.4795093
0.4396189
0.4007928
0.3950966
0.4287729
0.4212272
0.4500178
0.4734167
0.4250477
0.3451095
0.3661498
0.353016
0.3435531
0.3232655
0.3813728
0.3927645
0.4124926
0.4266998
0.3923374
0.3881425
0.3759748
0.3866125
0.4061392
0.4520554
0.489783
0.5103089
0.5442825
0.5714835
0.5915514
0.599525
0.6056377
0.5868332
0.5108732
0.5041127
0.5002696
0.5266841
0.5531194
0.5367182
0.5983889
0.6041607
0.5793372
0.6210686
0.6044198
0.657077
0.65096
0.6383721
0.6061889
0.5880192
0.5426025
0.5459922
0.5006186
0.4974357
0.4392162
0.377463
0.3968993
0.4030226
0.4190434
0.4409392
0.4121632
0.4251407
0.4211891
0.4220888
0.4415277
0.4418605
0.4420734
0.4212491
0.4063067
0.3567341
0.3317296
0.3823091
0.429019
0.4396194
0.4434168
0.3368296
0.3431076
0.3522076
0.445906
0.440017
0.413601
0.43124
0.4060171
0.3716741
0.3711952
0.4256879
0.4140789
0.3948546
0.4453781
0.4730269
0.5423713
0.5080944
0.5322682
0.5095758
0.5662109
0.5650863
0.5664562
0.5743254
0.5485355
0.5802803
0.5669661
0.5224254
0.5663669
0.6206758
0.5811591
0.5806623
0.5714594
0.5328921
0.4946856
0.4557391
0.4452641
0.5034683
0.4949031
0.472368
0.4164253
0.4110551
0.4217738
0.4176146
0.348891
0.3660053
0.3497962
0.2650798
0.2613559
0.2352552
0.3043622
0.2523742
0.2943248
0.2594613
0.2827444
0.2762141
0.2521837
0.2807163
0.2690904
0.2351574
0.2404082
0.233311
0.2171512
0.240484
0.2283202
0.256409
0.2665075
0.2937901
0.2722436
0.3419399
0.3025317
0.2995047
0.2496852
0.2872698
0.289661
0.3067165
0.2653395
0.2868547
0.3011226
0.3896029
0.3969993
0.3976364
0.4776831
0.4932691
0.4707413
0.5160581
0.5357384
0.5667931
0.5488761
0.5470831
0.6274359
0.5711115
0.6694947
0.6293783
0.6589235
0.6691858
0.6217624
0.5946589
0.6063527
0.5771778
0.4729474
0.4205435
0.397531
0.4734517
0.4326995
0.3727395
0.4069412
0.4328314
0.4249353
0.4645428
0.4815883
0.4736756
0.5279421
0.4688964
0.4705793
0.4780841
0.4124788
0.3884741
0.4192659
0.4871967
0.5529787
0.6268623
0.6199155
0.5901714
0.6228854
0.596962
0.5410792
0.5222622
0.5362447
0.4891609
0.4452838
0.4301917
0.4207422
0.4278538
0.4978889
0.5211382
0.4906616
0.5209795
0.4718764
0.4014321
0.463981
0.5081324
0.461224
0.5167196
0.5502843
0.4417331
0.5006189
0.4679287
0.4762519
0.4572193
0.462737
0.4358636
0.4318254
0.3534943
0.369054
0.4178734
0.4093949
0.5140082
0.5911429
0.5079222
0.4820274
0.461515
0.4567001
0.465432
0.508213
0.4850275
0.5080499
0.4529622
0.4127961
0.3911096
0.4005275
0.4186546
0.4488528
0.4224164
0.4435294
0.487345
0.4790176
0.4674945
0.4800821
0.486572
0.4636178
0.4145025
0.4075529
0.4285483
0.4692883
0.5284689
0.5437687
0.5224397
0.4760041
0.4057873
0.342934
0.3215694
0.3371965
0.3299291
0.3572564
0.3633093
0.3849762
0.3672019
0.3228619
0.3583333
0.351567
0.3317081
0.3194158
0.3445884
0.370872
0.3832327
0.3787148
0.3538278
0.2968992
0.329033
0.3453921
0.3339173
0.3759594
0.3689254
0.365998
0.4157262
0.3932693
0.4239256
0.4245705
0.4713249
0.4841311
0.4840848
0.457204
0.464948
0.5080238
0.544054
0.5740402
0.5430896
0.5234378
0.5438136
0.5097409
0.5713575
0.5205778
0.5187062
0.6152463
0.6320206
0.5769578
0.5406089
0.5653541
0.4699332
0.3846117
0.4032386
0.4666432
0.5022878
0.3998381
0.3769347
0.3154865
0.2961241
0.3115617
0.3081454
0.4185856
0.5726509
0.5186156
0.4796743
0.5544933
0.630431
0.5300211
0.409598
0.4507094
0.3741032
0.4204319
0.4262854
0.4450115
0.4553665
0.4466371
0.4785003
0.4939109
0.4549837
0.3336706
0.3720093
0.3568287
0.3733969
0.2917459
0.2985577
0.3194225
0.277361
0.305179
0.285663
0.3592559
0.3880171
0.3870899
0.3893028
0.3872761
0.428767
0.4734956
0.512053
0.513343
0.5587876
0.4969521
0.4428793
0.3431414
0.3675741
0.3842815
0.4085708
0.4958145
0.5077607
0.486736
0.5088442
0.4729058
0.5629094
0.5024975
0.4957762
0.4822162
0.4891811
0.5391535
0.5795739
0.5027559
0.4978071
0.5154339
0.4567593
0.4333577
0.3715304
0.4001731
0.4260953
0.4219895
0.4451539
0.4995083
0.4913565
0.4760172
0.4448482
0.430117
0.4545783
0.5657032
0.5633153
0.628058
0.6287207
0.6099009
0.5921768
0.6230831
0.5800709
0.5234983
0.5432768
0.534999
0.492175
0.4639133
0.542779
0.5685402
0.5259278
0.4831918
0.4553786
0.4294405
0.4145324
0.4419953
0.448758
0.5131983
0.5297433
0.6633149
0.7167981
0.6365107
0.6130926
0.608498
0.6106184
0.5945665
0.5512566
0.5382483
0.5044739
0.4412135
0.4457271
0.4495971
0.4592354
0.4606311
0.4597198
0.4618473
0.4328748
0.464588
0.4506383
0.5101314
0.480925
0.4531507
0.4567922
0.4347079
0.4041023
0.4546942
0.4592474
0.4524933
0.4289945
0.4059141
0.3582252
0.4033968
0.492212
0.4472016
0.4890582
0.5268294
0.5751075
0.4980752
0.5431655
0.555266
0.4633883
0.485697
0.4726551
0.3950191
0.3840411
0.393013
0.4068053
0.322234
0.353302
0.3628539
0.4080705
0.4730491
0.4294508
0.3997191
0.4457019
0.4426169
0.452549
0.4965658
0.4905151
0.5235631
0.4855452
0.4878356
0.5423027
0.5343951
0.5083575
0.5218488
0.4882879
0.513666
0.4960746
0.51669
0.527333
0.5453728
0.522315
0.5117551
0.5032324
0.5059963
0.5187245
0.4919033
0.4279148
0.3965864
0.4620462
0.4112005
0.4057775
0.43529
0.531012
0.5387397
0.5039088
0.4559953
0.4669657
0.3880574
0.3682813
0.4415786
0.4614743
0.4438007
0.431327
0.3732775
0.2779959
0.2405559
0.4251167
0.3713101
0.3659059
0.3900594
0.5116581
0.5751222
0.5443112
0.3908363
0.2341074
0.367618
0.4612315
0.395606
0.4220693
0.4411734
0.4917708
0.4685818
0.4683729
0.4915025
0.4929991
0.5281494
0.4751185
0.4563745
0.4077646
0.3886233
0.4524874
0.3875403
0.4052276
0.4265031
0.516998
0.4642782
0.4150021
0.2976609
0.5768029
0.6063566
0.5412993
0.5135783
0.5660768
0.5411728
0.4450344
0.3657292
0.3210019
0.3951723
0.4398439
0.3249981
0.2580653
0.2424999
0.3436496
0.4487083
0.484891
0.4998305
0.5658628
0.5183879
0.4445618
0.4370122
0.4244124
0.3574018
0.4397643
0.4073351
0.4860508
0.4177587
0.4628753
0.3778458
0.3578674
0.3900707
0.4514941
0.4920839
0.5878582
0.543054
0.5660489
0.5832401
0.5568892
0.533269
0.4784326
0.5259801
0.4344768
0.5208601
0.520482
0.5002384
0.4344414
0.4450047
0.4641024
0.4967015
0.4046135
0.4599549
0.4699816
0.5212357
0.4644162
0.4463911
0.4604681
0.447472
0.4802858
0.4784942
0.4882846
0.4509398
0.478763
0.5651048
0.6016646
0.6210863
0.6428871
0.6542353
0.5589727
0.543633
0.4725847
0.4832634
0.4734941
0.4323167
0.4159851
0.4599686
0.4647749
0.4587119
0.4488352
0.462101
0.4586034
0.4081639
0.5091261
0.4181242
0.3796975
0.3787655
0.4377382
0.4822861
0.4456129
0.4593448
0.4851492
0.5063217
0.496934
0.557899
0.6696631
0.6500059
0.5606877
0.48976
0.4938691
0.465782
0.4850916
0.4996967
0.5191185
0.4685672
0.4599075
0.4162296
0.3883245
0.3352702
0.3231435
0.3464919
0.3453679
0.356316
0.3050254
0.3024151
0.3345282
0.2981553
0.298525
0.4008227
0.4443783
0.4497768
0.519311
0.5123132
0.4546031
0.5205788
0.5458144
0.5464508
0.4856053
0.4373646
0.4345272
0.4972869
0.5138199
0.5640152
0.6066844
0.6152116
0.5657562
0.4752248
0.4603742
0.4455459
0.4620665
0.4839978
0.4892183
0.4338981
0.441388
0.4669748
0.4242282
0.4544841
0.4970061
0.4899896
0.4885933
0.5120767
0.4675924
0.5197754
0.4271205
0.3741737
0.4130862
0.4305135
0.4616906
0.4762054
0.5011512
0.5274649
0.472818
0.335421
0.353975
0.3284314
0.3767765
0.4008935
0.3844577
0.3834196
0.3728118
0.3893459
0.4377123
0.3840302
0.4068921
0.4342245
0.4406993
0.4377123
0.4858035
0.4317461
0.4579259
0.4474015
0.4952455
0.4942117
0.521923
0.5144599
0.5446955
0.5239816
0.5383522
0.5606781
0.5537084
0.5171933
0.5548206
0.550328
0.4391959
0.3939684
0.3463989
0.4207265
0.3745025
0.4009082
0.4152697
0.4222326
0.3932327
0.4577651
0.4468388
0.4729932
0.4616023
0.5045884
0.5616816
0.5595112
0.5955946
0.553612
0.4335634
0.4369217
0.4752839
0.4286471
0.4279929
0.3860248
0.3992975
0.4089761
0.3802983
0.3666785
0.37209
0.3952999
0.4311672
0.4613363
0.480614
0.5069559
0.3955729
0.387445
0.390457
0.4078077
0.4260489
0.4263615
0.4868991
0.4754993
0.4869347
0.5059093
0.4883718
0.5005597
0.4889078
0.4966049
0.4574018
0.4682342
0.4616889
0.4247232
0.4433705
0.4685244
0.5175186
0.5054171
0.4153309
0.4655968
0.4655049
0.4585599
0.4573473
0.4787731
0.4670624
0.4791428
0.4711695
0.4455657
0.4135653
0.4172847
0.479112
0.4493305
0.439734
0.4218114
0.4040855
0.427696
0.4760926
0.4823653
0.4776392
0.5079075
0.5049638
0.5350548
0.5572891
0.5765013
0.5800089
0.5095607
0.5447461
0.5080928
0.5077473
0.4373818
0.4298092
0.4323308
0.4516245
0.4806189
0.4999052
0.4955186
0.4275366
0.446104
0.50148
0.4662942
0.4600437
0.4626778
0.5211506
0.5270686
0.5791464
0.581991
0.5551281
0.5609268
0.5530601
0.5407811
0.5749534
0.5817125
0.5913519
0.6381517
0.6180734
0.5614617
0.5608614
0.5885511
0.5839755
0.650515
0.694457
0.6843499
0.6756288
0.6633011
0.6833907
0.6920559
0.6920759
0.7144003
0.7044407
0.7129341
0.714511
0.6713698
0.6457655
0.6501997
0.6041648
0.5721697
0.6424293
0.6525948
0.6415106
0.6651804
0.6621139
0.6747782
0.7158224
0.7701499
0.7601095
0.7915959
0.6703796
0.6882803
0.6535064
0.6108605
0.6291433
0.5826715
0.5825331
0.4947192
0.4657993
0.4956583
0.5355364
0.5393161
0.5744237
0.5229981
0.507666
0.55633
0.4735244
0.4796465
0.4153146
0.4908213
0.5130667
0.5240221
0.5171383
0.4893739
0.4777393
0.4861212
0.451155
0.438319
0.4490771
0.5284537
0.5652242
0.5736576
0.610021
0.5800991
0.6306074
0.6001041
0.5928647
0.5936407
0.5566927
0.585115
0.5821238
0.5808329
0.5798266
0.593475
0.5115093
0.5001387
0.3714273
0.4599326
0.4391921
0.463207
0.4960089
0.5087942
0.5469024
0.4899927
0.4958368
0.4955998
0.4583318
0.4155396
0.4252597
0.3948448
0.3609299
0.3782451
0.4099906
0.4100847
0.4200987
0.3999643
0.4377954
0.3785999
0.3634961
0.4586623
0.4494664
0.4847647
0.4957492
0.4832623
0.5260878
0.4587405
0.4548725
0.4366304
0.4183609
0.4140089
0.4630853
0.459329
0.4773192
0.4425373
0.4223245
0.5059018
0.4472948
0.4240032
0.4155052
0.3770788
0.4102402
0.3519923
0.4132275
0.4265755
0.4647815
0.3943787
0.3851876
0.5410327
0.4929999
0.5074833
0.4283184
0.2733977
0.3160001
0.3186809
0.3236448
0.3431047
0.3354758
0.4278294
0.5042088
0.5058799
0.5542114
0.5313546
0.5195324
0.4342759
0.4298031
0.401598
0.385158
0.4149056
0.4595552
0.4359669
0.4138495
0.3864535
0.4085045
0.4083452
0.4631617
0.4315527
0.3799823
0.4020808
0.4148339
0.4299649
0.4333677
0.4974487
0.5050981
0.559553
0.5529096
0.5099623
0.41753
0.4514997
0.4648372
0.5278988
0.5147185
0.5172652
0.4644493
0.5632766
0.6167742
0.4890595
0.4630847
0.4453428
0.4414223
0.4055896
0.3689813
0.3990259
0.3696649
0.354859
0.3427445
0.3589932
0.3642198
0.3925233
0.47522
0.5150198
0.6022218
0.5873123
0.547707
0.55578
0.572752
0.5756928
0.6323712
0.5745375
0.5521936
0.5525984
0.5925337
0.5862624
0.5417855
0.5829256
0.6199801
0.6528832
0.6348117
0.596302
0.5735168
0.6307436
0.6545126
0.6300248
0.6183477
0.6056486
0.5959731
0.5329977
0.4910102
0.4310411
0.4425926
0.3920152
0.4140826
0.4300046
0.3893935
0.3466772
0.3118718
0.2341763
0.2538513
0.2713842
0.2861143
0.3283339
0.3224028
0.332764
0.3531574
0.4448511
0.4184432
0.4799009
0.4776514
0.4448859
0.3987458
0.4307564
0.4805915
0.4925437
0.4950109
0.506954
0.4266963
0.4357326
0.4977094
0.4700967
0.4500247
0.461027
0.5068947
0.4833389
0.4289491
0.3691625
0.4274787
0.4426316
0.4214472
0.4059157
0.3262882
0.4093588
0.4173923
0.4097919
0.4561387
0.5042951
0.4256317
0.4415991
0.4280495
0.4740777
0.4246434
0.4256263
0.4129341
0.3911387
0.3588477
0.3295723
0.3469842
0.3357522
0.32683
0.3565665
0.4078644
0.4477651
0.4534268
0.4002407
0.4965128
0.5502552
0.5396197
0.449872
0.3459918
0.3578481
0.3751869
0.4472568
0.4430764
0.4328105
0.42487
0.4252939
0.4233068
0.4275857
0.402641
0.4355662
0.4078247
0.466064
0.4360733
0.452488
0.3995071
0.4478899
0.5022345
0.5060413
0.4653538
0.5343077
0.5064789
0.4870109
0.5428915
0.5627248
0.524426
0.4782544
0.4599635
0.5007126
0.496606
0.5080498
0.5541964
0.4811787
0.4484657
0.3865818
0.3909106
0.4021197
0.3745248
0.4334997
0.4413314
0.4311166
0.4199824
0.4786622
0.4726809
0.5274744
0.5267835
0.5139016
0.4459515
0.4897609
0.4486756
0.4944155
0.5200506
0.4920026
0.4746721
0.4583253
0.4630348
0.4166658
0.4044439
0.4547519
0.4968808
0.4571292
0.4538919
0.4280969
0.4647639
0.4460184
0.4817927
0.4972625
0.5567089
0.5547272
0.5168322
0.5574758
0.5517142
0.5939096
0.5882838
0.5298395
0.5596376
0.515275
0.4925515
0.4923379
0.440279
0.4382005
0.4213066
0.4306762
