0.2415433
0.2427877
0.2459909
0.2352686
0.2292993
0.2283077
0.1852611
0.1910622
0.1975574
0.2038343
0.2271773
0.230113
0.2132502
0.2042672
0.1936385
0.2061293
0.1911198
0.2029111
0.2392586
0.2171092
0.2214142
0.221827
0.2197836
0.2103887
0.2242248
0.2448687
0.243317
0.252318
0.237343
0.2268908
0.2461796
0.2323745
0.2435099
0.2522318
0.231368
0.2285152
0.2305128
0.2410423
0.2273092
0.2666956
0.2421988
0.2224396
0.2217715
0.2119076
0.2192011
0.240255
0.2367658
0.2502508
0.2362116
0.2346307
0.2216603
0.2052574
0.2162367
0.2217873
0.2512507
0.235019
0.2221563
0.2137103
0.2217747
0.219744
0.2059491
0.2175095
0.2338391
0.2202344
0.2373261
0.2499448
0.2548062
0.2537269
0.2327639
0.2434494
0.210182
0.2348402
0.219776
0.233267
0.2445727
0.2401216
0.2248961
0.210108
0.1942023
0.199628
0.2134738
0.2304291
0.2010715
0.2045711
0.2156274
0.2034554
0.2044569
0.2292276
0.2257578
0.1981346
0.1936863
0.2018308
0.2156675
0.2332339
0.2304522
0.2265178
0.2109872
0.2015618
0.1971123
0.1948205
0.1991847
0.223784
0.1847706
0.1857893
0.2246033
0.2189592
0.2308418
0.2391855
0.231345
0.2251777
0.2436718
0.2381918
0.2239309
0.2205176
0.1936399
0.1982643
0.1979166
0.2158544
0.2087404
0.2013277
0.2121085
0.1983767
0.1999234
0.2180381
0.2176542
0.1994894
0.2302191
0.2036401
0.1930414
0.2059581
0.2185148
0.2701314
0.2373315
0.2275803
0.2362287
0.2132305
0.2092938
0.1887678
0.1845801
0.1823207
0.1844873
0.1799804
0.1926705
0.2103074
0.2254602
0.1982895
0.1887361
0.2189761
0.2089473
0.2311875
0.2067081
0.2206709
0.2083471
0.233689
0.2291285
0.2176441
0.2192619
0.2222929
0.2321799
0.2445906
0.2213349
0.2293924
0.2245469
0.2100673
0.2169067
0.2077044
0.1954191
0.2028285
0.2163419
0.2071974
0.1935479
0.2111234
0.2026436
0.2039575
0.1917405
0.1843202
0.1844385
0.2269372
0.2219756
0.2276917
0.2268367
0.229949
0.2175539
0.2332738
0.2254239
0.2244746
0.2189052
0.2117694
0.1870967
0.2021837
0.2040389
0.2184123
0.2101958
0.2310471
0.2440243
0.238106
0.228366
0.226832
0.2395578
0.2262321
0.2263989
0.2554286
0.2386229
0.226645
0.2297753
0.2326425
0.2304885
0.2338931
0.2126181
0.199794
0.1798411
0.1674477
0.1654198
0.1719374
0.1783137
0.1975209
0.1882014
0.2010598
0.2103245
0.2023386
0.2055144
0.1977429
0.2160478
0.2219035
0.224989
0.2378756
0.2436914
0.2504406
0.2390827
0.2518675
0.2258222
0.1895976
0.2233919
0.2279531
0.2053564
0.2156255
0.2496406
0.2499489
0.2586757
0.2380675
0.2445111
0.245026
0.2329324
0.2034835
0.1857096
0.2002142
0.2194729
0.2115482
0.197467
0.1818232
0.1655249
0.1835933
0.2071096
0.2086503
0.2300081
0.2654851
0.273222
0.2667327
0.2589205
0.2551283
0.2543024
0.2340165
0.2225337
0.226952
0.2311582
0.1965118
0.205117
0.1860515
0.2068943
0.1971674
0.2179044
0.217204
0.2014836
0.2073226
0.1853133
0.1985424
0.2103595
0.2305796
0.2141658
0.243194
0.2582701
0.2394973
0.2519294
0.2333309
0.2300167
0.2161206
0.2245359
0.2420363
0.2359345
0.2418276
0.2300721
0.2326216
0.2395797
0.2177307
0.2111
0.2130601
0.2197481
0.2227024
0.2214108
0.2150715
0.2241411
0.2536495
0.231348
0.210167
0.2150973
0.2314657
0.2339443
0.2232522
0.2517875
0.2606274
0.2441621
0.2344358
0.220313
0.1908523
0.2258684
0.2656103
0.259566
0.2483152
0.261355
0.2554504
0.2582026
0.2351349
0.2276179
0.2068296
0.2047858
0.2107242
0.1919484
0.246886
0.2424321
0.2587083
0.2648827
0.2272585
0.2227052
0.2313016
0.2330204
0.2094941
0.2092616
0.2014853
0.212992
0.2307972
0.2383263
0.2272306
0.2319595
0.2205323
0.2435655
0.2476002
0.2491755
0.2394442
0.2409901
0.2236064
0.2195879
0.2343514
0.253442
0.2231811
0.2103796
0.2068399
0.2071055
0.1952445
0.1793299
0.178492
0.1836342
0.2024199
0.221501
0.2300982
0.2041659
0.2208047
0.2329164
0.2235253
0.2469698
0.2228857
0.2186207
0.2485255
0.2576144
0.2367928
0.2314053
0.2349858
0.2174446
0.2232017
0.2117003
0.2143762
0.2220821
0.2293671
0.2400449
0.2324921
0.23447
0.2442405
0.2528747
0.2401579
0.2317919
0.2199706
0.2108491
0.230061
0.2338169
0.22164
0.2105927
0.2136389
0.2187611
0.2183679
0.2047053
0.2226322
0.2187126
0.221785
0.2226218
0.2239875
0.2504955
0.2518084
0.2419758
0.2436244
0.2467447
0.2279143
0.2403601
0.2154583
0.201803
0.2207898
0.2289814
0.2322923
0.2276471
0.2209289
0.2650939
0.2706318
0.2529087
0.245043
0.2391152
0.2364852
0.2217274
0.2274021
0.1972009
0.1778074
0.188388
0.196086
0.1828113
0.1722291
0.1736932
0.1799355
0.2116006
0.2161199
0.227626
0.2339144
0.2399832
0.2372786
0.2240862
0.2315048
0.22173
0.2178531
0.2241758
0.2387532
0.2555425
0.250722
0.2549388
0.2461922
0.2507679
0.2548129
0.2342014
0.2440509
0.2439139
0.2264762
0.2186162
0.2219195
0.2083999
0.2073094
0.2227698
0.2017573
0.1776784
0.1926421
0.2076369
0.1902858
0.1858815
0.1954572
0.1893264
0.1835972
0.2119646
0.2183321
0.1991161
0.1946247
0.2072587
0.208944
0.2171913
0.2298689
0.2231653
0.2303218
0.2242908
0.2007651
0.2160011
0.2191379
0.216239
0.2199743
0.2499058
0.2254211
0.2010413
0.1881087
0.1885067
0.1788412
0.1815902
0.1742618
0.1816514
0.1790593
0.2092089
0.223185
0.1919197
0.1885407
0.1893242
0.1907006
0.1835146
0.1607473
0.1643102
0.200143
0.2042223
0.1923088
0.1786316
0.1934274
0.1849669
0.1951613
0.2041349
0.2022259
0.1914042
0.1988304
0.1929789
0.1925268
0.1778484
0.1952214
0.191141
0.2111947
0.2247357
0.2156449
0.2072235
0.209358
0.2220888
0.2133123
0.2126379
0.2112944
0.196851
0.2051705
0.2195713
0.2232206
0.2448567
0.2343196
0.2215898
0.2287967
0.2452598
0.2161394
0.2167464
0.2170416
0.2180417
0.2112932
0.2270923
0.1714277
0.1738648
0.2261365
0.2461673
0.2422432
0.2224238
0.2135877
0.2186945
0.2057991
0.2113648
0.219737
0.237187
0.272901
0.2571965
0.2432684
0.2465886
0.2454958
0.241723
0.2113997
0.2214338
0.2177083
0.2309625
0.2080092
0.2077546
0.2136746
0.2091082
0.2151039
0.2275458
0.2345566
0.2290982
0.2435235
0.2292091
0.2386977
0.2137119
0.2001946
0.22276
0.2490838
0.2255253
0.2394486
0.2335038
0.2389478
0.2165076
0.2057826
0.2094313
0.2193394
0.2244876
0.209781
0.2157852
0.2187474
0.2527844
0.2415952
0.2194601
0.2478568
0.2503674
0.2858699
0.2608958
0.2351405
0.2200857
0.2341095
0.1976914
0.1921756
0.1894269
0.2049737
0.2038008
0.1652021
0.1638731
0.2003995
0.2183607
0.2365501
0.2414242
0.2243372
0.1972142
0.2225947
0.2339753
0.2296209
0.207466
0.2136623
0.2244808
0.1998803
0.2123847
0.2021446
0.2176295
0.2015567
0.1976852
0.2107112
0.1946097
0.2037237
0.2115693
0.2047083
0.2073196
0.2050095
0.21366
0.2195925
0.2324571
0.2133859
0.2125664
0.2059691
0.2216691
0.2363329
0.2433725
0.2366669
0.2506818
0.2409116
0.2294862
0.2072571
0.2112116
0.1914913
0.1753166
0.2020983
0.2076524
0.202026
0.1852783
0.2182172
0.2289353
0.2303609
0.2407808
0.2266611
0.239405
0.2510439
0.2293046
0.2225584
0.2094357
0.1849048
0.2066489
0.2353725
0.2207498
0.2157778
0.2125121
0.2213232
0.2161766
0.2073461
0.2359192
0.2231716
0.2307956
0.2113896
0.2228739
0.1888109
0.1619714
0.185316
0.1854288
0.1864256
0.1832544
0.1945139
0.2150164
0.212508
0.2142583
0.2086357
0.2189673
0.2283887
0.2402636
0.2341043
0.2181847
0.2051847
0.1858129
0.1774835
0.1921734
0.2332849
0.2338679
0.2316128
0.2285185
0.2028182
0.2328713
0.2257029
0.234995
0.2195594
0.2002807
0.2128284
0.2133073
0.2325311
0.2401373
0.2359056
0.237368
0.2288737
0.231196
0.2296988
0.202128
0.2268284
0.2222375
0.2172043
0.2009209
0.1878062
0.2044667
0.1966581
0.2045431
0.1979217
0.207474
0.2038627
0.2327177
0.2332305
0.2058655
0.1917226
0.1993167
0.2210407
0.2297981
0.215129
0.229414
0.2365159
0.2271756
0.2156653
0.2045538
0.1755269
0.2028377
0.2278736
0.250303
0.2336442
0.2261609
0.2090527
0.2106492
0.1935528
0.2237835
0.2460991
0.2191106
0.2223312
0.2371158
0.2098142
0.2216814
0.2229454
0.2050011
0.1906342
0.2115581
0.2042075
0.202917
0.1769231
0.1680207
0.1855348
0.1749646
0.1864218
0.1868765
0.1890707
0.178032
0.1663652
0.1679045
0.1828775
0.1907867
0.2039664
0.2231573
0.2494987
0.2389073
0.2195668
0.2003992
0.182401
0.206358
0.2141156
0.2105049
0.2052581
0.2047373
0.2080217
0.1964312
0.215408
0.2104126
0.2266785
0.20981
0.2286159
0.21073
0.2298304
0.2216775
0.2227122
0.2345065
0.2128106
0.2030769
0.2180862
0.2374943
0.2674282
0.2559253
0.218485
0.2317997
0.2158641
0.2101048
0.2037429
0.2184918
0.219198
0.2379686
0.2319113
0.2277835
0.2198315
0.1906261
0.2377346
0.2510512
0.2492957
0.2274958
0.2234293
0.2358331
0.2306059
0.2256033
0.2248858
0.2106762
0.1983644
0.2021607
0.1756303
0.1892219
0.1881068
0.2023785
0.2123086
0.2349496
0.2347848
0.2198523
0.1952746
0.1916841
0.16857
0.1954771
0.1778119
0.2020152
0.2106907
0.227728
0.2373457
0.2314131
0.2382448
0.2418167
0.2269448
0.2365728
0.2323984
0.2331952
0.2489162
0.2368886
0.2385698
0.2188642
0.2200482
0.2340355
0.2054817
0.2360507
0.25552
0.2505773
0.2432413
0.2447499
0.2039491
0.2153357
0.2180541
0.2230841
0.2029927
0.2045676
0.2205744
0.2062581
0.2167991
0.2188215
0.2423607
0.2371777
0.2444039
0.2406996
0.2279139
0.2393656
0.2374555
0.2228945
0.2279809
0.2193311
0.2222361
0.2168723
0.221281
0.2143022
0.2034737
0.2029267
0.2190861
0.2113821
0.2158117
0.23317
0.2129051
0.2148393
0.2189029
0.1711404
0.2019069
0.2073054
0.2202655
0.1919863
0.2150419
0.219753
0.2125734
0.2382127
0.226151
0.231745
0.2267889
0.2316264
0.22588
0.2239962
0.2466523
0.2552001
0.2168493
0.2183318
0.2201219
0.2357004
0.2337724
0.2415818
0.2456514
0.2469002
0.2607431
0.2692722
0.2524979
0.2363325
0.2352264
0.2207171
0.2276865
0.2427457
0.241711
0.2089117
0.193399
0.1938545
0.204323
0.2357935
0.2299557
0.1900527
0.1906842
0.1994508
0.2120389
0.1981987
0.1941715
0.2264096
0.2081858
0.2079434
0.2206742
0.2027872
0.1884354
0.1819819
0.1888238
0.2020705
0.1976396
0.2005731
0.2005526
0.192389
0.1906934
0.1880522
0.1803707
0.2055791
0.1939992
0.193909
0.1880286
0.1900382
0.1844771
0.1883203
0.192587
0.1810557
0.1768189
0.2177583
0.2405706
0.2250399
0.2374269
0.2212048
0.2296073
0.2289281
0.2311798
0.2496491
0.2500101
0.2366153
0.2397453
0.2484832
0.2428156
0.2058195
0.2339526
0.2360936
0.1987915
0.1993088
0.215866
0.1934793
0.1977815
0.1975706
0.2268751
0.2031558
0.1918145
0.2108497
0.2053027
0.2132748
0.2026147
0.2029884
0.2219286
0.2004693
0.2199113
0.2342144
0.2156107
0.2238244
0.2360041
0.2304222
0.2319368
0.2409113
0.2188839
0.2090428
0.2100933
0.2330031
0.2405996
0.2629493
0.2557309
0.2454979
0.2309593
0.2389524
0.228023
0.2112621
0.2066669
0.2011576
0.196003
0.1831531
0.2126485
0.2225423
0.2208868
0.2089254
0.1985538
0.1992895
0.1931699
0.186742
0.1915964
0.2190431
0.2058071
0.2124533
0.2018541
0.1962108
0.1738014
0.1813589
0.195402
0.176872
0.2031808
0.232331
0.2264411
0.2267715
0.231158
0.2244729
0.2162445
0.2199414
0.2411472
0.2581052
0.2185775
0.2349736
0.2255073
0.1971864
0.2076343
0.2159293
0.2078194
0.215923
0.2283023
0.1972464
0.1992186
0.2006183
0.1962529
0.2030793
0.2077863
0.2205732
0.210075
0.2125387
0.2040758
0.1843024
0.2065267
0.2008265
0.2302592
0.2193798
0.2165243
0.2193803
0.2103804
0.2231314
0.2179201
0.2336044
0.2071943
0.2064564
0.2214232
0.1997225
0.2001628
0.1860748
0.2037005
0.1929536
0.1981308
0.1918109
0.2136238
0.2140146
0.2056463
0.1860366
0.1589453
0.2041043
0.1865475
0.1851771
0.2093385
0.2145306
0.2419547
0.2261939
0.2230565
0.2127829
0.2002558
0.1872938
0.1786294
0.1853276
0.1903114
0.1844972
0.1888739
0.1939198
0.1805649
0.1957882
0.2139233
0.2269012
0.2141813
0.195697
0.2073161
0.2073085
0.2117907
0.2139955
0.2463052
0.2374837
0.2346198
0.2303415
0.241908
0.2368528
0.208041
0.2097285
0.2117669
0.2133963
0.2023504
0.2160943
0.2023946
0.1942409
0.16437
0.1630657
0.1825736
0.1918522
0.2044987
0.2048301
0.2077834
0.2108899
0.2177073
0.228086
0.2442332
0.2357104
0.2318786
0.2423592
0.269984
0.2476336
0.2404647
0.2525869
0.265158
0.2413829
0.2344304
0.2041979
0.2080382
0.2173557
0.2090614
0.2213819
0.2234171
0.2245426
0.2282426
0.2309231
0.2333663
0.2253559
0.2096964
0.2153127
0.2459467
0.2318322
0.2042459
0.2074362
0.2011608
0.2081517
0.2173637
0.2318498
0.2557835
0.2512051
0.2455195
0.2407612
0.2502242
0.2198281
0.2071554
0.1983016
0.1900273
0.1663726
0.1575095
0.1990874
0.2411217
0.2328354
0.2192385
0.213595
0.2195326
0.1972582
0.1818639
0.1863304
0.203606
0.1964009
0.1880703
0.1837524
0.1957319
0.2006358
0.2066501
0.1951935
0.1939786
0.2025726
0.1916906
0.216091
0.2263583
0.1956705
0.1977077
0.2090739
0.2054084
0.1936114
0.2141415
0.2175776
0.2204576
0.2141983
0.2011603
0.1958131
0.1886542
0.1980196
0.2153644
0.2132248
0.2255333
0.2315278
0.2061147
0.2163249
0.2193783
0.216783
0.1999464
0.2022413
0.2136568
0.220833
0.2000723
0.2200127
0.2055427
0.2029608
0.2340071
0.2317153
0.2230611
0.218408
0.2190261
0.2022455
0.2146743
0.2399727
0.2486288
0.2625215
0.237817
0.2288809
0.2339016
0.2148444
0.1950331
0.2048886
0.1771462
0.1712286
0.1863133
0.189567
0.183293
0.1713402
0.1773795
0.1972124
0.1842661
0.1971196
0.1938482
0.1944041
0.2064603
0.2032449
0.1813312
0.1954635
0.1924552
0.2044298
0.2115137
0.2056851
0.2033174
0.205296
0.2255059
0.233228
0.2211764
0.2196923
0.2469398
0.2335821
0.215048
0.1982492
0.1873042
0.1877844
0.1853428
0.2072066
0.2170716
0.2113389
0.1970667
0.1859099
0.1978125
0.2219311
0.2259625
0.212104
0.209179
0.2175198
0.2262857
0.2082117
0.218525
0.2148645
0.1880651
0.2034047
0.1995117
0.2182979
0.2054269
0.2085498
0.2190522
0.2218262
0.2390175
0.2284912
0.2090169
0.1996416
0.2379101
0.2438174
0.2278955
0.213252
0.2188985
0.2173097
0.1895528
0.1831083
0.2153085
0.2191983
0.2226672
0.2335012
0.2491591
0.2345302
0.2440117
0.2639764
0.2483206
0.2369247
0.2283487
0.194839
0.20114
0.2044617
0.1946332
0.171039
0.1707373
0.1742237
0.1704591
0.1909103
0.2109358
0.2237255
0.2239039
0.2198491
0.2303387
0.2332836
0.2114904
0.2023097
0.1958147
0.1735121
0.1744407
0.1722572
0.1811323
0.2087189
0.2130481
0.217986
0.2200216
0.2288777
0.2344183
0.2419104
0.2140314
0.2128231
0.2119468
0.2119065
0.2188631
0.2352171
0.2208957
0.1976913
0.1926956
0.226697
0.2348733
0.2387861
0.2456785
0.228143
0.202994
0.1918873
0.1777321
0.2137343
0.1894219
0.1842637
0.1949551
0.2037527
0.2067232
0.2135097
0.1907014
0.184433
0.2049597
0.180807
0.208006
0.2216173
0.225141
0.2339588
0.227075
0.2416986
0.2326607
0.2160602
0.2233575
0.216762
0.2031726
0.1846275
0.1968921
0.2222093
0.219512
0.2235605
0.2220748
0.2329084
0.2171407
0.2127034
0.2091197
0.2109873
0.2042308
0.2037043
0.2167957
0.2067367
0.1839277
0.2045594
0.2306849
0.2452511
0.2607534
0.2378569
0.2210814
0.2102037
0.1753853
0.1667895
0.1955299
0.204842
0.2091561
0.2246013
0.2277647
0.2141801
0.2126155
0.1965149
0.1673599
0.1567603
0.1510139
0.1471144
0.1729029
0.2055642
0.2214971
0.2251586
0.2207962
0.2089108
0.212554
0.2034885
0.2053084
0.2338156
0.2470954
0.241648
0.2334945
0.2420262
0.2262847
0.2344545
0.2520751
0.232126
0.2413348
0.229549
0.2227252
0.2115504
0.1960116
0.2119689
0.2139556
0.2049363
0.205739
0.1929787
0.1823092
0.1629059
0.1734381
0.1836192
0.1967564
0.2020192
0.1961914
0.1763426
0.1840899
0.2005665
0.1950345
0.201858
0.199426
0.2304847
0.1864902
0.2121168
0.2094002
0.2183213
0.2154757
0.2084602
0.2257218
0.249545
0.2430283
0.2426625
0.2324399
0.2238842
0.2249153
0.2229361
0.218548
0.2374305
0.2221448
0.2254297
0.2333018
0.2257183
0.2387765
0.2574085
0.2446495
0.2484658
0.2501244
0.260474
0.2598485
0.2515377
0.2630532
0.2556836
0.2394987
0.2320857
0.2343462
0.259007
0.2318205
0.2214231
0.2076107
0.200376
0.1985966
0.1933164
0.1674267
0.1910861
0.1890778
0.1760309
0.1804437
0.2004319
0.1810184
0.1791699
0.1766869
0.1802134
0.1774356
0.1891027
0.1965911
0.1873117
0.2048846
0.2284598
0.2251799
0.2038989
0.2333374
0.2283474
0.2293306
0.2207302
0.2517945
0.2172667
0.2274806
0.2139135
0.2049289
0.2042034
0.1999815
0.2238655
0.2307927
0.2446813
0.2076897
0.2181278
0.2435991
0.2288503
0.2345629
0.2586224
0.2292991
0.2314578
0.2376952
0.2531988
0.250038
0.2424068
0.2436131
0.2356145
0.2506376
0.2461617
0.2270637
0.195723
0.2028106
0.2060092
0.2198856
0.2099141
0.2056776
0.2230491
0.199813
0.1900202
0.2077287
0.2148777
0.2277973
0.2318156
0.2142121
0.2277688
0.2141626
0.2237355
0.1796886
0.1982068
0.2182222
0.2206953
0.2122704
0.2246333
0.2396568
0.2542532
0.2661325
0.2467397
0.2376125
0.2330648
0.2255604
0.2329786
0.2424003
0.2531458
0.2415418
0.2446154
0.2467891
0.2192712
0.2094246
0.2155043
0.2131183
0.207942
0.2025032
0.200114
0.1929849
0.1855713
0.1852664
0.1962331
0.20189
0.1908703
0.1893985
0.1912967
0.1961724
0.2196046
0.2143663
0.2300157
0.2300683
0.2205148
0.2488743
0.2207085
0.19145
0.1833505
0.1906955
0.2131187
0.2168911
0.2482354
0.240258
0.2453187
0.236979
0.2044473
0.19076
0.1902063
0.2158168
0.1947385
0.1917494
0.2049225
0.2270666
0.2297433
0.2258981
0.2496589
0.2538274
0.2450489
0.2482793
0.2453639
0.2225098
0.2123913
0.2244889
0.2244793
0.2453439
0.2598398
0.244054
0.2232872
0.2243852
0.2433431
0.2399092
0.2617327
0.2393287
0.2273447
0.213539
0.2187687
0.2237036
0.220766
0.1975346
0.2180302
0.2127049
0.2277038
0.236437
0.237251
0.2243501
0.2271036
0.2220267
0.2240491
0.2261038
0.2118618
0.196061
0.2069837
0.2094043
0.2260927
0.246991
0.2294231
0.2255161
0.2165938
0.2144993
0.2193971
0.1986452
0.1952403
0.2127353
0.2340365
0.227036
0.2326749
0.2206921
0.2358037
0.2390346
0.2146852
0.2249296
0.2172125
0.2070178
0.1984776
0.2152255
0.2279385
0.215846
0.2529837
0.2408711
0.2452543
0.2363568
0.2564526
0.2616591
0.2467334
0.2197602
0.2034402
0.2382035
0.2412982
0.2689284
0.2091513
0.2379145
0.2412516
0.2160364
0.2110091
0.2092026
0.2171531
0.2072387
0.2052444
0.2004467
0.2184172
0.2277232
0.2347107
0.2494138
0.2516589
0.2335523
0.2226124
0.2186067
0.2267501
0.2098671
0.2216055
0.200289
0.1877275
0.1773018
0.2029631
0.2169552
0.2028969
0.2230897
0.1861585
0.1997819
0.2206046
0.2099527
0.2133184
0.2069929
0.1981303
0.216871
0.2022878
0.2127672
0.2185015
0.231693
0.2511169
0.2650889
0.2432644
0.2023827
0.2002137
0.2182629
0.1966952
0.1921093
0.2053058
0.1899397
0.1920038
0.1910692
0.216761
0.2364593
0.2521835
0.2523648
0.2542306
0.2492509
0.2476705
0.2514438
0.2416615
0.2239604
0.2473068
0.2318851
0.2295966
0.208946
0.2087974
0.2239502
0.1929624
0.1985497
0.2086989
0.2374154
0.2333007
0.2149589
0.1893264
0.184496
0.2031042
0.2043294
0.225638
0.2193243
0.2433748
0.2332791
0.2394327
0.2396964
0.2353757
0.2360723
0.2470858
0.2329255
0.2408812
0.2207242
0.2022466
0.2095917
0.2051091
0.2010508
0.2040483
0.2136717
0.2219756
0.2184383
0.2067971
0.2007723
0.226232
0.2152998
0.2233457
0.2436451
0.2563838
0.2107365
0.1831646
0.1717235
0.170951
0.190986
0.1935451
0.1802004
0.1866561
0.1873347
0.205433
0.2602803
0.2291417
0.2520334
0.2619233
0.281742
0.2522366
0.2350458
0.2452389
0.2387519
0.2210194
0.2100191
0.2273841
0.2230842
0.2252228
0.2161209
0.1936882
0.1888643
0.2028532
0.200217
0.1964601
0.2137634
0.2206918
0.2291027
0.2276805
0.2173496
0.2283114
0.2038239
0.1956039
0.2026468
0.2147214
0.1935211
0.2176101
0.2316281
0.2397058
0.2312195
0.2281349
0.2479688
0.2172816
0.2155093
0.2147383
0.206103
0.216277
0.2236341
0.2409743
0.2318957
0.2333114
0.2446532
0.2527912
0.2202512
0.2059699
0.2313548
0.2154648
0.2198696
0.2329681
0.2366618
0.2571101
0.2356855
0.2390104
0.2398539
0.2528707
0.2387235
0.2306413
0.2406453
0.2203948
0.211948
0.2192919
0.2127672
0.1989639
0.1902277
0.2179451
0.2135872
0.2173277
0.2227335
0.2302505
0.2216438
0.2363445
0.2233427
0.2270519
0.2123373
0.2188429
0.191095
0.1907087
0.1968662
0.2038056
0.2108984
0.212035
0.2270659
0.2101958
0.1892225
0.1998151
0.1905135
0.1609039
0.1638386
0.1729523
0.1597496
0.1409894
0.1473926
0.1408972
0.1354433
0.1513322
0.156709
0.1508159
0.1737049
0.1923101
0.2008546
0.1901353
0.2090827
0.1774657
0.1875432
0.1730044
0.138748
0.1339085
0.1555288
0.173599
0.1865664
0.2037717
0.218849
0.2250737
0.2212823
0.2366192
0.2312852
0.2413435
0.2489974
0.2277059
0.2376998
0.2240657
0.2137554
0.2281495
0.2154757
0.2054978
0.2065295
0.2130588
0.2203224
0.2255366
0.2072515
0.186279
0.1954661
0.1636732
0.1638561
0.1861383
0.1987491
0.2020289
0.1954344
0.2060916
0.196043
0.196697
0.198692
0.1767563
0.1749594
0.1775532
0.2207571
0.2371836
0.229207
0.2149532
0.1820572
0.1759584
0.164202
0.1828371
0.1872527
0.2198557
0.1967165
0.1679156
0.1911636
0.2044869
0.2124202
0.2262978
0.2212274
0.2165444
0.2135896
0.1996514
0.1792607
0.1543959
0.1671223
0.1733289
0.188632
0.1923795
0.1905059
0.188203
0.1921669
0.1823831
0.2159891
0.2129284
0.2037554
0.2087552
0.215578
0.1941644
0.197392
0.1830504
0.1954018
0.2053239
0.2161653
0.196916
0.2264759
0.2050255
0.2039131
0.2128285
0.2289225
0.2306088
0.246542
0.2105588
0.2044955
0.2042796
0.2254778
0.2047954
0.1737306
0.182076
0.1971369
0.1993876
0.2072775
0.2362931
0.2410929
0.2296855
0.2486191
0.2733461
0.2518578
0.2421643
0.2295283
0.2284185
0.2318695
0.2267271
0.2139925
0.2048308
0.2268725
0.2415451
0.220901
0.2350323
0.2133148
0.2263821
0.1929384
0.1968677
0.2236888
0.2211447
0.226808
0.2547007
0.2578938
0.2315263
0.236915
0.2664039
0.2567704
0.2364101
0.2388803
0.2419806
0.245538
0.2475828
0.243482
0.2600825
0.2461378
0.2237559
0.2559111
0.2470961
0.2675377
0.2693583
0.2562103
0.2438782
0.2388992
0.2371612
0.2326732
0.236188
0.2118188
0.2089141
0.2190486
0.2045485
0.2164919
0.2086112
0.2116874
0.2086779
0.2021271
0.206601
0.2355656
0.2615063
0.268133
0.2451144
0.2396553
0.2186751
0.2135639
0.221752
0.2248805
0.1988648
0.1972263
0.2036471
0.1905262
0.1856402
0.1836314
0.1909929
0.1977847
0.2137974
0.2579733
0.26461
0.2248959
0.2021131
0.2244309
0.2294266
0.263248
0.2624447
0.2422236
0.2240795
0.2200914
0.1977574
0.1941299
0.2149274
0.2171808
0.2425774
0.2329796
0.2189964
0.2076014
0.2056753
0.2195807
0.2150107
0.2164776
0.2224696
0.2185562
0.2274658
0.2195379
0.2461004
0.2508117
0.254481
0.2443892
0.2441623
0.2382001
0.2366753
0.2131062
0.2307487
0.2425182
0.2298179
0.2296407
0.210826
0.174387
0.1967694
0.2148071
0.2112356
0.1890894
0.1720357
0.1758956
0.2293515
0.2480115
0.2503194
0.2527986
0.2348726
0.2341337
0.2090613
0.2077065
0.2006181
0.1905585
0.2107222
0.2179429
0.2239863
0.2121492
0.225483
0.2231624
0.2124616
0.2407158
0.2643484
0.2649207
0.2348664
0.2308205
0.2219888
0.2268279
0.226189
0.2176129
0.219869
0.2199792
0.226685
0.2256617
0.2107686
0.1752042
0.1823339
0.1830604
0.2014376
0.2074529
0.1867872
0.1769372
0.1952542
0.2120896
0.2029649
0.1844339
0.2033899
0.2224289
0.236942
0.2425027
0.2331021
0.2313741
0.2275444
0.2267411
0.2260002
0.2093311
0.1930656
0.2197465
0.2294519
0.2384531
0.2059457
0.1860813
0.1648399
0.1570295
0.159663
0.161708
0.1813189
0.1889796
0.2279435
0.2032068
0.2181025
0.2083345
0.2333903
0.2348703
0.218076
0.2034205
0.2056762
0.2182342
0.2336217
0.2071321
0.2481268
0.2571507
0.2552069
0.2535988
0.2634255
0.275068
0.2971049
0.2780852
0.2478377
0.2221742
0.2020833
0.2214002
0.1950506
0.1963928
0.1948511
0.1691084
0.1902471
0.1801635
0.1932099
0.2056833
0.2488114
0.2354723
0.2328099
0.2348879
0.2318425
0.2317146
0.1977337
0.1949643
0.2123826
0.2036753
0.2113476
0.2171487
0.2314091
0.2294163
0.2072206
0.181722
0.1828616
0.1577464
0.1768493
0.1755442
0.1661351
0.1574816
0.1887456
0.2079563
0.2194644
0.2305572
0.2175672
0.2412679
0.2290882
0.2294777
0.2394214
0.2117281
0.224221
0.2243577
0.1956613
0.1935355
0.1948921
0.1921768
0.1957422
0.2082359
0.2190169
0.1988261
0.2071624
0.2104147
0.2189121
0.2171849
0.2254767
0.2134418
0.1824096
0.1837707
0.186437
0.1854924
0.1938533
0.1933543
0.1873238
0.2049275
0.2097853
0.2020866
0.2125818
0.1984499
0.1900493
0.2094897
0.2011942
0.2071043
0.2046463
0.2235108
0.2264179
0.2333597
0.2303677
0.242623
0.258668
0.2276908
0.2163735
0.220177
0.2348168
0.2122685
0.223399
0.2266497
0.2338896
0.2376399
0.2552526
0.2380583
0.2161544
0.2249218
0.2286768
0.2015357
0.190219
0.213628
0.2038832
0.1754444
0.1915143
0.1795917
0.190541
0.1850155
0.2028399
0.1744093
0.1743522
0.1670055
0.1949782
0.2034039
0.1992568
0.2052576
0.2308334
0.2378248
0.2434031
0.2319658
0.2350809
0.2548293
0.2567322
0.2489696
0.212133
0.2002357
0.1959608
0.2135758
0.2024267
0.1739233
0.1787966
0.2106333
0.2019902
0.1822123
0.1910924
0.1942921
0.180964
0.1489529
0.1396065
0.1780905
0.1797408
0.1829152
0.1985828
0.2087788
0.2128656
0.2176716
0.2177252
0.2273291
0.2301849
0.2352987
0.2105783
0.2188478
0.2092922
0.2093403
0.1751619
0.1637261
0.1642345
0.1711436
0.165539
0.1868723
0.1890293
0.1912834
0.1960751
0.1974178
0.1898911
0.1844301
0.1899552
0.1875217
0.1716869
0.1909692
0.2075693
0.1972509
0.1879476
0.1987304
0.2061358
0.2021752
0.1921602
0.180988
0.2027793
0.2175573
0.221958
0.2147997
0.2198697
0.2328163
0.2385884
0.2252848
0.2072546
0.2000835
0.1964407
0.1893991
0.1850804
0.2105588
0.223909
0.2407935
0.2043688
0.2028852
0.215583
0.2117099
0.2125329
0.1984657
0.2095757
0.197636
0.2304976
0.2464244
0.2430462
0.2071391
0.221028
0.2060185
0.2164854
0.210757
0.1856694
0.1727877
0.193332
0.2008162
0.2388448
0.2075496
0.1817025
0.1862766
0.1731931
0.2044143
0.2354828
0.2099213
0.2259038
0.2248034
0.2139068
0.2139792
0.2333931
0.2433278
0.2622025
0.2473542
0.2280402
0.2144225
0.2024442
0.2003937
0.185041
0.1909391
0.1757704
0.2165429
0.2282317
0.2467961
0.2487008
0.2630795
0.2267476
0.2070778
0.207781
0.1888635
0.211167
0.211173
0.2254763
0.2263234
0.2344893
0.2152931
0.2372638
0.2620233
0.2463808
0.2533403
0.2333571
0.2356135
0.2516023
0.231758
0.2343433
0.2216676
0.2179017
0.2237885
0.2418176
0.2024769
0.2067649
0.2312337
0.2199267
0.2092779
0.2138996
0.2139483
0.2030934
0.2032787
0.1845116
0.1713941
0.1566457
0.155714
0.1657114
0.1911925
0.2091108
0.215159
0.240347
0.2423692
0.2238374
0.231488
0.248135
0.2283507
0.2249496
0.2226695
0.2316942
0.2231082
0.2412042
0.2398226
0.2388159
0.2297705
0.213363
0.1819997
0.1928058
0.2106234
0.1993759
0.2069739
0.1924234
0.1860259
0.1963515
0.1812974
0.1601827
0.1781909
0.173204
0.1769383
0.1792934
0.2161809
0.254293
0.2469042
0.2168311
0.1991095
0.2039897
0.1801391
0.2025588
0.2236516
0.2368414
0.2537476
0.2618644
0.272317
0.2603954
0.2386881
0.2549443
0.2313254
0.2474309
0.2216664
0.2038726
0.2164841
0.2340378
0.2417883
0.2476428
0.2364241
0.2252427
0.2125313
0.2095671
0.2071293
0.2084013
0.2152717
0.2073266
0.2021241
0.1825587
0.1832074
0.1829535
0.1735028
0.1755439
0.1956333
0.177296
0.1670145
0.1742237
0.1841432
0.1864145
0.2035859
0.2179679
0.2167298
0.2094579
0.1834841
0.2201031
0.2062057
0.1837892
0.1952408
0.2151123
0.2176066
0.2277734
0.2160056
0.2153702
0.2172442
0.2067621
0.1979068
0.2312736
0.2409583
0.2423012
0.2351951
0.2548107
0.2396308
0.2297701
0.2368679
0.2315054
0.2308355
0.2250001
0.2092835
0.2101563
0.2044636
0.2012178
0.2022906
0.2006041
0.2131429
0.2155427
0.2293905
0.2261003
0.2100949
0.20571
0.2070587
0.1933352
0.201263
0.2069576
0.1823844
0.1814654
0.1994808
0.207797
0.201782
0.1637896
0.1528555
0.1724704
0.1977342
0.1995663
0.2127943
0.1846484
0.2062338
0.2147181
0.2028646
0.2028709
0.1929631
0.2064515
0.1879876
0.2036125
0.2519404
0.2517374
0.24405
0.2289598
0.2190208
0.2305489
0.2325806
0.2386284
0.2305027
0.2312375
0.2307752
0.2215556
0.2138972
0.2095238
0.2093234
0.221415
0.2240624
0.2212786
0.2217553
0.2001757
0.2130593
0.2043783
0.2087952
0.2167149
0.2127325
0.1999692
0.1977467
0.1812546
0.1917702
0.187857
0.180547
0.1950869
0.1838653
0.1854157
0.1948543
0.2072537
0.2118621
0.2190506
0.2151661
0.2276709
0.218838
0.2031788
0.209935
0.2249562
0.2395467
0.2333722
0.244298
0.2411445
0.2267298
0.2225515
0.2385642
0.2370664
0.2181075
0.2306077
0.2355173
0.245108
0.2499085
0.2398021
0.2215308
0.2370739
0.2209116
0.2429578
0.234641
0.237705
0.2262166
0.2193625
0.2085917
0.1956234
0.1946847
0.2031295
0.1926987
0.2007802
0.2037945
0.2423372
0.2570962
0.2401521
0.239906
0.2371213
0.2375206
0.2419725
0.2192661
0.2282314
0.2226986
0.2199164
0.2008193
0.2143203
0.2204549
0.2256175
0.2385278
0.2239767
0.219944
0.2079781
0.1884878
0.1992503
0.1888302
0.2081616
0.2139555
0.2068541
0.2008618
0.2051295
0.2370852
0.2262562
0.2137347
0.2212664
0.2266164
0.2479632
0.2437853
0.2567745
0.243504
0.2397746
0.2437762
0.241777
0.2197304
0.2091152
0.2048735
0.1967502
0.2075427
0.215378
0.2105044
0.2076069
0.2140994
0.2393238
0.2482562
0.2407955
0.2476682
0.2449569
0.2160896
0.201849
0.2058733
0.2070338
0.2074734
0.2130162
0.1980889
0.2154159
0.2007768
0.2031487
0.2069844
0.2224747
0.2331853
0.2151436
0.1997463
0.2003764
0.2113295
0.2068845
0.2023808
0.184207
0.1951521
0.1832994
0.1966837
0.2085617
0.20488
0.2270973
0.2205744
0.2090493
0.1992079
0.2031137
0.2188344
0.2295844
0.214788
0.2097879
0.2033795
0.2134157
0.2258508
0.2044921
0.2403147
0.2292024
0.2266552
0.2387317
0.2250822
0.2110533
0.2201787
0.1968328
0.2001489
0.2230712
0.2039398
0.2155431
0.2095108
0.2109143
0.1946168
0.1673013
0.1775316
0.2007174
0.2077627
0.2014857
0.1988807
0.2221458
0.2492793
0.235073
0.2288892
0.2344352
0.2415649
0.2532591
0.2413962
0.2493878
0.2357559
0.2242407
0.2232953
0.2169088
0.2020984
0.2365339
0.219427
0.2038524
0.2211201
0.227593
0.2171778
0.2040415
0.1993706
0.2223289
0.2192883
0.205844
0.2004493
0.2027182
0.2134739
0.2182827
0.2148194
0.2239509
0.1909758
0.175575
0.1790377
0.1935952
0.2002478
0.2045273
0.2108074
0.2043919
0.2190753
0.2263589
0.217541
0.2205112
0.1999112
0.2361682
0.217017
0.2016923
0.1819528
0.1947651
0.1946002
0.1966383
0.2001708
0.1682653
0.1812753
0.194139
0.1991042
0.1988085
0.1996227
0.1842888
0.1926643
0.196497
0.2172737
0.2258322
0.2343531
0.2230417
0.2106406
0.2052738
0.2193204
0.2103778
0.1979632
0.2112254
0.2117458
0.2107542
0.2214529
0.2152868
0.2058447
0.1928066
0.1917809
0.2226439
0.242316
0.2347482
0.2338464
0.2131719
0.2135202
0.2176633
0.2030317
0.2204383
0.2282103
0.2096678
0.2150446
0.1943787
0.2085231
0.2020308
0.2034852
0.2045267
0.1837462
0.1873051
0.1945141
0.2071429
0.2036048
0.2122831
0.2185465
0.1962867
0.1999818
0.2216536
0.2200271
0.195186
0.2121157
0.2278918
0.2070231
0.2365385
0.2545369
0.2337712
0.2010977
0.2037028
0.209878
0.2003582
0.1870968
0.1927537
0.183297
0.1841827
0.1972836
0.2138255
0.2302416
0.2179689
0.2043672
0.1959749
0.1895882
0.1959523
0.2063489
0.2154328
0.2028688
0.2121126
0.2218226
0.235218
0.1866671
0.1972852
0.1830263
0.1810591
0.1950294
0.1961969
0.2157848
0.2196474
0.2206766
0.2129522
0.2214369
0.2290417
0.2129144
0.2054956
0.1935488
0.1968023
0.1807727
0.195079
0.2278509
0.1959646
0.2029293
0.1788682
0.1810858
0.1747306
0.1798142
0.1800824
0.1782932
0.1856984
0.2063191
0.2038039
0.192598
0.2089443
0.2142849
0.221272
0.2185346
0.2295025
0.2310847
0.2385157
0.2363835
0.2026146
0.2181461
0.2153194
0.1871643
0.1825194
0.1842825
0.1832005
0.1995305
0.2175131
0.2109056
0.1974623
0.2105188
0.2159535
0.258071
0.2609369
0.2516766
0.2485366
0.2638456
0.2447218
0.2530148
0.2386322
0.2020632
0.221487
0.2277033
0.2459552
0.2397749
0.2487786
0.2561215
0.2387955
0.2159391
0.2060371
0.2116353
0.216852
0.20133
0.2188801
0.2050858
0.2130766
0.1983208
0.2244221
0.2135628
0.2379211
0.216495
0.2049472
0.1837023
0.1986672
0.2082947
0.2121101
0.2288499
0.2350266
0.243152
0.2317538
0.1905033
0.2119227
0.1992869
0.1970157
0.2105308
0.2209185
0.1838184
0.1903969
0.1986563
0.2261681
0.219056
0.2129116
0.2106183
0.2166622
0.2111231
0.1937938
0.2105499
0.2109683
0.2247497
0.2337749
0.2286863
0.2182346
0.2402068
0.2131447
0.1855584
0.2017471
0.201313
0.2177341
0.2226689
0.225242
0.2410888
0.2065931
0.207786
0.1963477
0.2160467
0.2104143
0.2232801
0.2265823
0.2203554
0.2084724
0.2052968
0.1970102
0.1919868
0.1694624
0.1781584
0.1827199
0.1843046
0.210564
0.2018976
0.1863364
0.1813401
0.1581217
0.1820229
0.190986
0.1931951
0.1743894
0.1615302
0.1900115
0.2110502
0.2175391
0.2127727
0.217574
0.2171964
0.2274274
0.2500144
0.2254751
0.2366336
0.2046717
0.1858704
0.1802148
0.1863516
0.1943627
0.2103623
0.2242326
0.2247512
0.2348785
0.2178419
0.1992476
0.1954262
0.2184756
0.2238246
0.2417886
0.2706725
0.2390947
0.2336809
0.2614936
0.2629046
0.2322579
0.2008077
0.2063793
0.2140416
0.2027693
0.2091999
0.2083694
0.1721712
0.1852993
0.1960995
0.1954157
0.2010752
0.2066231
0.2159659
0.2298435
0.2159227
0.2172794
0.2410865
0.2499616
0.229303
0.2112834
0.2173992
0.2025149
0.2020365
0.2102673
0.2219974
0.2018047
0.1941729
0.2019795
0.1995088
0.2138436
0.2209732
0.2250462
0.228145
0.2153781
0.2265833
0.2444281
0.240226
0.2259271
0.2196519
0.2124117
0.2130519
0.2170166
0.2171627
0.2082576
0.19262
0.1781856
0.1710141
0.1927478
0.2026555
0.2232059
0.2142615
0.2049464
0.2244741
0.213565
0.2287752
0.240816
0.2275494
0.2270819
0.2080077
0.1710752
0.1896371
0.2031281
0.2003332
0.2231128
0.2048727
0.2144341
0.2070507
0.2232586
0.2023918
0.208571
0.2323355
0.2228753
0.2274683
0.2173591
0.2289452
0.2084956
0.2022494
0.1942676
0.2165127
0.2133148
0.1772355
0.1847625
0.1873516
0.1985823
0.2171601
0.2584855
0.2564551
0.2634378
0.2412052
0.2351677
0.223884
0.2291857
0.2314169
0.2302896
0.2253958
0.2149829
0.2266918
0.2302008
0.2090723
0.2131934
0.2079985
0.2087034
0.2079117
0.1967061
0.2093452
0.2306838
0.2343218
0.2422881
0.2564524
0.236571
0.2443545
0.2421126
0.2457273
0.2293719
0.2365069
0.23083
0.2055202
0.201554
0.2178019
0.2044657
0.2223225
0.2028804
0.2000328
0.1917745
0.2163435
0.2362061
0.2261143
0.2168814
0.2148161
0.1947852
0.1956195
0.2008424
0.2156602
0.2027266
0.1999249
0.2109848
0.2226633
0.2074025
0.1929916
0.1999756
0.181203
0.1675395
0.1681571
0.1916898
0.2018149
0.195925
0.1994659
0.2346678
0.2372033
0.2025099
0.1859216
0.1864583
0.202555
0.2103915
0.2246834
0.2292745
0.2152557
0.2072404
0.1730765
0.1864412
0.1778853
0.1783325
0.1755666
0.1576603
0.1810106
0.1961807
0.2141626
0.229715
0.2314334
0.2224195
0.2273777
0.22819
0.2275858
0.2255508
0.2284362
0.2128405
0.2046695
0.2144651
0.224724
0.2158054
0.2034504
0.2281604
0.2676886
0.2415788
0.1997207
0.1907978
0.2158572
0.2258739
0.2559519
0.242335
0.2210037
0.2050285
0.204606
0.2313612
0.2263715
0.2223158
0.2334339
0.2418481
0.2289495
0.22446
0.2112351
0.2121208
0.1892596
0.1999715
0.2011156
0.2015568
0.2247142
0.2299471
0.2105974
0.1974503
0.2139179
0.2058263
0.194294
0.205534
0.2191658
0.229131
0.2150087
0.236831
0.2205448
0.2124078
0.2256206
0.2274951
0.2377751
0.2390455
0.2247778
0.2081441
0.203632
0.2040081
0.2104488
0.2289335
0.1932192
0.1971143
0.1914045
0.1924132
0.203362
0.2095419
0.2127487
0.2050711
0.1818394
0.1708598
0.1676147
0.1924845
0.1897758
0.1898427
0.207756
0.1986206
0.1876896
0.1662826
0.1859461
0.2052284
0.1981075
0.2196443
0.2265272
0.2327968
0.2210979
0.2052775
0.2310456
0.2349636
0.2264182
0.2218329
0.2422807
0.2277012
0.2342581
0.2413013
0.236867
0.2156029
0.2169845
0.2218934
0.2027851
0.2207114
0.2325552
0.206973
0.1749688
0.1851006
0.1776269
0.1867374
0.1908335
0.1978815
0.2200006
0.2216085
0.207624
0.2320756
0.2372888
0.234806
0.225482
0.2054924
0.2079927
0.1818909
0.185385
0.1871112
0.1919479
0.1919121
0.1931027
0.1987158
0.1741224
0.1761808
0.1951384
0.1973503
0.2038093
0.2031452
0.2039802
0.2027329
0.2124174
0.2319754
0.2512198
0.2124601
0.2108416
0.218761
0.2267233
0.2366521
0.224213
0.2187437
0.2163003
0.2300038
0.2063717
0.217541
0.2293848
0.2184749
0.197798
0.1955364
0.2106259
0.2036029
0.198879
0.1900754
0.2308879
0.245867
0.2531032
0.2267919
0.2100889
0.205959
0.2455154
0.2618943
0.2581662
0.2421282
0.2334232
0.2284625
0.2185265
0.2063918
0.2301095
0.2498801
0.2472886
0.2107139
0.1861872
0.1985789
0.2231544
0.214161
0.212633
0.2336419
0.2311693
0.2203173
0.2008616
0.2033747
0.2015591
0.2209289
0.2336178
0.2252873
0.2281303
0.2145412
0.2137114
0.2101192
0.1929697
0.2000914
0.1912262
0.1682731
0.1681928
0.1597303
0.1540867
0.1724369
0.2129865
0.2523858
0.2177702
0.2381824
0.2608173
0.2410035
0.2413679
0.2299799
0.2202257
0.1895888
0.1633775
0.1458825
0.1642408
0.195161
0.2126095
0.2185279
0.2240375
0.2176901
0.2195924
0.2075798
0.2306466
0.2344757
0.2385976
0.24259
0.2435174
0.2121713
0.2008056
0.2067923
0.2251194
0.2187467
0.2323637
0.2268412
0.2173822
0.2080853
0.2165656
0.2244089
0.2348874
0.2381778
0.2519245
0.2457149
0.2386153
0.1905058
0.1958866
0.2160715
0.2127608
0.2043976
0.1796583
0.1745257
0.1840941
0.1876768
0.2338324
0.2463493
0.2293533
0.2354438
0.2360048
0.2426
0.2222973
0.2423862
0.2472935
0.2266847
0.2019175
0.2268201
0.2404039
0.2408184
0.2326597
0.2238454
0.2425289
0.2250204
0.2229011
0.2041797
0.2049846
0.1980716
0.2048613
0.2109378
0.217292
0.2208642
0.236047
0.2234442
0.2165683
0.2428389
0.2284121
0.2363457
0.2342432
0.2361759
0.2565529
0.2345223
0.2481861
0.2584037
0.2794941
0.2596856
0.2320266
0.2356441
0.2365303
0.2384775
0.2033357
0.2006174
0.2124312
0.2197506
0.197296
0.1949647
0.2323798
0.2171549
0.1954459
0.2088641
0.231488
0.2180515
0.2260875
0.2103584
0.2172401
0.2088097
0.2091959
0.2097702
0.2016868
0.2019918
0.2091284
0.2349734
0.2259722
0.2114273
0.1983235
0.2017391
0.1709684
0.1649184
0.1751042
0.1880873
0.2053615
0.196311
0.2043302
0.2596516
0.2504402
0.2274007
0.2356617
0.2414104
0.2155458
0.238569
0.2458785
0.2603191
0.2352062
0.2343212
0.1975335
0.2202698
0.1970586
0.1847329
0.1722432
0.18444
0.2142547
0.2030465
0.1987051
0.1871123
0.1836163
0.1735562
0.1642497
0.1988469
0.2210088
0.2424816
0.2369522
0.2371869
0.2341071
0.2422075
0.2244109
0.2163391
0.2267441
0.2190857
0.2224606
0.2455724
0.2141188
0.2493928
0.2608693
0.2480753
0.260361
0.2626841
0.2486789
0.2234159
0.2074429
0.2293036
0.2186322
0.1974699
0.196915
0.2093842
0.2147726
0.2045983
0.2048425
0.1780981
0.1795777
0.1772524
0.204974
0.2134285
0.2121938
0.2350057
0.2595442
0.2682756
0.2517435
0.2547398
0.2525049
0.2213432
0.2180972
0.2163632
0.2298145
0.2208558
0.2254634
0.2274471
0.2284085
0.2401164
0.2191596
0.2356829
0.2168753
0.2352079
0.2298607
0.2418446
0.243344
0.2399056
0.2193654
0.2280243
0.2167548
0.220986
0.2399161
0.2497106
0.2543807
0.2406397
0.2339824
0.2351737
0.2222427
0.2071476
0.2071312
0.2227288
0.1997382
0.2022472
0.2183037
0.2300514
0.2124421
0.2006628
0.2386904
0.2124613
0.2312589
0.2540147
0.2593732
0.2531852
0.2484226
0.2377336
0.2255474
0.2179071
0.2116001
0.1988657
0.1755492
0.1627591
0.1650608
0.1505302
0.1601462
0.1794153
0.1956867
0.1947437
0.2046467
0.2144002
0.2136912
0.2200959
0.2348122
0.2356648
0.2184465
0.2202247
0.2291857
0.2485129
0.2495681
0.2275965
0.2488439
0.2436652
0.2187113
0.2219789
0.2151523
0.21818
0.2206535
0.2164099
0.2123829
0.239181
0.2561462
0.2462135
0.2249455
0.2196303
0.1984751
0.2003651
0.2077337
0.1994577
0.189733
0.1955746
0.1990243
0.2157071
0.2342236
0.2575349
0.2362885
0.2151983
0.190254
0.1931643
0.1981748
0.205797
0.2004929
0.2111562
0.2012502
0.2177732
0.2153888
0.2050485
0.1956567
0.1971686
0.223688
0.2427355
0.237839
0.2366049
0.2325208
0.2303086
0.2203169
0.1998088
0.1959091
0.2188234
0.2153592
0.2001919
0.2123424
0.2230189
0.2199609
0.228621
0.2428181
0.2253981
0.2224592
0.1926602
0.1815849
0.178505
0.1778837
0.2095046
0.2191704
0.2079465
0.2139121
0.202584
0.203303
0.1907265
0.169381
0.2116676
0.2161025
0.206474
0.210409
0.2113369
0.2349409
0.2323817
0.2230067
0.2159517
0.2185024
0.2277296
0.2401528
0.2722535
0.2370569
0.2226965
0.2461458
0.2506459
0.2282065
0.2305694
0.2398231
0.2295959
0.2429712
0.2528362
0.2840036
0.2923675
0.2700993
0.2074814
0.201872
0.202707
0.210258
0.2210253
0.2304646
0.2235784
0.2278353
0.2199216
0.2168568
0.2010021
0.2236611
0.2174856
0.247994
0.2363694
0.2207384
0.2296126
0.2227883
0.2363432
0.2628172
0.2354408
0.2348441
0.2101138
0.230783
0.2257982
0.2346876
0.2274995
0.2197851
0.2163444
0.2332058
0.2273449
0.2176288
0.2222121
0.2119226
0.2290058
0.245232
0.2381058
0.2442902
0.2378816
0.2124465
0.2203233
0.2380617
0.2258209
0.2177725
0.2048594
0.190164
0.2115034
0.2334968
0.2395606
0.2487188
0.2568114
0.2403327
0.2298163
0.2389384
0.2381741
0.2412376
0.223909
0.2020341
0.2064064
0.2381175
0.2288525
0.2530142
0.2586991
0.2473445
0.2419738
0.2527142
0.2409242
0.2500595
0.2734706
0.2553412
0.2422459
0.2236731
0.2258715
0.2185509
0.2129056
0.2108903
0.2138644
0.1963689
0.2009105
0.1924639
0.1966936
0.2090842
0.2004237
0.1932034
0.1788314
0.2044834
0.2105206
0.1936428
0.2018365
0.2019781
0.2134178
0.2105755
0.2272813
0.2288616
0.2227127
0.2076782
0.2086266
0.2061346
0.19341
0.1986415
0.2249688
0.2283443
0.2283285
0.2151074
0.2145749
0.2078712
0.1980395
0.1831319
0.2174125
0.2534954
0.2684772
0.2551667
0.2625915
0.2496905
0.23201
0.2387713
0.2164137
0.2142794
0.2220216
0.2229764
0.2094456
0.2305546
0.2264275
0.2009104
0.1959765
0.1877604
0.1703341
0.1537264
0.1563487
0.1942006
0.1828921
0.1991344
0.2175188
0.2145169
0.195554
0.2168698
0.2145162
0.2303134
0.2489943
0.2572646
0.2548298
0.2770572
0.2910811
0.2892679
0.2568632
0.237211
0.236383
0.2058788
0.2189231
0.2115941
0.2369883
0.2402706
0.2441604
0.2513007
0.2135569
0.2001305
0.1831044
0.1766607
0.1972369
0.1906122
0.1885078
0.1893515
0.1902959
0.1876862
0.1930928
0.1973787
0.1926822
0.2006544
0.1958148
0.1789576
0.2024399
0.2018339
0.1991139
0.2041464
0.2259332
0.2291215
0.2453519
0.238784
0.2065491
0.2160894
0.2272503
0.235175
0.2173965
0.2146277
0.2292131
0.2025061
0.2016743
0.224702
0.1963179
0.1836501
0.2081858
0.2239601
0.2145534
0.2215306
0.2312658
0.227066
0.2114642
0.2094484
0.2004837
0.2149832
0.1880181
0.2045649
0.194308
0.1959908
0.235652
0.2155001
0.2147442
0.2280016
0.2415864
0.2558384
0.2515654
0.2366166
0.2264991
0.2166376
0.231463
0.2573022
0.265561
0.2266811
0.1890564
0.1870466
0.2108099
0.2160245
0.2153151
0.1844707
0.19684
0.2238133
0.1970033
0.1891845
0.2150896
0.2109129
0.2308447
0.2356051
0.2511455
0.2142374
0.2064101
0.2102461
0.2226885
0.2199778
0.2022743
0.2079104
0.2212878
0.2151955
0.1997451
0.1883439
0.1973096
0.1795404
0.2021575
0.2184631
0.2453865
0.2436691
0.21904
0.2258273
0.2331513
0.2349847
0.233138
0.2341373
0.2286166
0.2241265
0.2266712
0.2147903
0.2327481
0.226285
0.2298388
0.2455718
0.2447179
0.2433764
0.2355177
0.2615131
0.2469375
0.2210952
0.2326893
0.2249488
0.2255837
0.2344037
0.2250841
0.2213333
0.214601
0.2411483
0.2158272
0.2345209
0.2406678
0.2214183
0.2206243
0.2076791
0.2097641
0.2301169
0.2229564
0.1943696
0.1805256
0.1885726
0.2059512
0.2045714
0.2060083
0.1947632
0.1931547
0.2113111
0.2261203
0.1940363
0.2137381
0.1827474
0.1957431
0.2087242
0.2200031
0.2326993
0.2345735
0.2406832
0.2314849
0.2291155
0.2361655
0.2336971
0.2198937
0.2211654
0.2132944
0.215152
0.2344887
0.2400577
0.2373708
0.2273726
0.2324572
0.2244018
0.2243026
0.2289047
0.2447334
0.2266563
0.2158228
0.1984047
0.1937169
0.174448
0.201564
0.2309564
0.2002549
0.2004431
0.2107739
0.2209342
0.2287517
0.2168612
0.1983722
0.2291318
0.2278518
0.2169094
0.2569919
0.2532184
0.2546332
0.2428935
0.2316383
0.2199143
0.2504563
0.2385258
0.2245957
0.231904
0.2200656
0.2071925
0.2135238
0.1873295
0.1867414
0.1909009
0.1933681
0.1781969
0.210715
0.2247319
0.2304422
0.2186794
0.2264607
0.2010207
0.2003579
0.2214534
0.2292431
0.2005956
0.2347766
0.2583383
0.2622271
0.2311667
0.2487098
0.2466421
0.2246385
0.2212202
0.2143273
0.2239889
0.2345104
0.2369114
0.2486311
0.2082459
0.2224309
0.2098586
0.1889237
0.1783986
0.1885053
0.2158444
0.1871845
0.2039359
0.1866889
0.197608
0.2094021
0.2314311
0.2195168
0.2076324
0.226729
0.2557386
0.244161
0.2422736
0.2326906
0.219665
0.2228797
0.2442137
0.2502003
0.2587191
0.2347387
0.2153893
0.231539
0.2125428
0.2321117
0.2237883
0.2397424
0.2624071
0.2493116
0.2448763
0.2355008
0.2169458
0.2462838
0.2498096
0.241123
0.2157486
0.2230363
0.2464956
0.2353689
0.2227333
0.2260994
0.2140052
0.1899803
0.1668246
0.179152
0.195666
0.1903611
0.1787749
0.188656
0.198334
0.2056211
0.2044779
0.2006349
0.1909136
0.2087973
0.2199298
0.1988844
0.2002667
0.220732
0.2312273
0.2320215
0.2455767
0.2258861
0.2354313
0.2244303
0.2175742
0.1966834
0.1921113
0.1961051
0.2119709
0.2210879
0.1950963
0.2066139
0.2098865
0.2034461
0.1828043
0.1962738
0.1943578
0.2236076
0.1762483
0.1926604
0.205782
0.2159465
0.2276538
0.2244686
0.2237345
0.2254386
0.2164029
0.2064059
0.2128062
0.2055246
0.2225978
0.2433416
0.2516582
0.248639
0.2624186
0.2643782
0.2326721
0.2467385
0.2354962
0.2252158
0.2092992
0.1984058
0.2110689
0.2159705
0.2293009
0.2181776
0.2251333
0.2297257
0.227032
0.2234262
0.2433347
0.2396953
0.2583909
0.252679
0.2319025
0.2338026
0.2268344
0.2437038
0.2302785
0.2244699
0.215053
0.1999777
0.2110048
0.198581
0.2292658
0.256603
0.2526736
0.2385198
0.2485501
0.2296058
0.2449001
0.2391465
0.241302
0.2362561
0.203101
0.1975993
0.2144538
0.2234072
0.2243895
0.2202387
0.2156214
0.2009626
0.1991663
0.2209434
0.209294
0.1873069
0.1994767
0.2094602
0.2162228
0.2176234
0.2202515
0.2016286
0.2151137
0.245536
0.2722593
0.2734686
0.2643224
0.2428155
0.2193361
0.2162821
0.2158935
0.2333746
0.2212628
0.2166188
0.2276277
0.2132706
0.2003287
0.1970295
0.1960368
0.1890831
0.19923
0.2054432
0.1952587
0.2142822
0.2231431
0.21672
0.2291787
0.2172047
0.2030615
0.1974263
0.2018689
0.2118
0.2126367
0.2270344
0.2267752
0.2170551
0.2254541
0.2286276
0.2428634
0.2465593
0.2347146
0.2237243
0.2366306
0.232289
0.2266459
0.2364249
0.2283912
0.2239893
0.2464472
0.2492558
0.2469543
0.2436231
0.2165004
0.2304549
0.2097691
0.1952219
0.1901976
0.2071568
0.1917605
0.1894015
0.1969308
0.1835796
0.2180404
0.2375274
0.2131242
0.2098551
0.223501
0.2265571
0.2247008
0.2279217
0.2390355
0.2253557
0.2415979
0.2422991
0.2421569
0.2165569
0.260393
0.2355179
0.2410149
0.2367942
0.2192244
0.2021093
0.2036538
0.201907
0.190333
0.1977869
0.1697734
0.1777118
0.161689
0.1648877
0.1975755
0.2086541
0.2188746
0.2242197
0.2078231
0.237351
0.2440254
0.222301
0.2123434
0.1950982
0.1852874
0.199142
0.20503
0.1913777
0.1996648
0.2388454
0.2155907
0.2156743
0.2229403
0.2286256
0.2467035
0.2447652
0.2470363
0.2145536
0.2150559
0.2107997
0.1946714
0.1946042
0.1878883
0.2048852
0.1776385
0.2338142
0.255778
0.234424
0.2288732
0.237734
0.216142
0.2291403
0.2403143
0.2450619
0.2345675
0.2389803
0.2277327
0.2296733
0.2360936
0.2273381
0.2524168
0.2324071
0.2403411
0.2398402
0.2249987
0.225561
0.2220413
0.2361009
0.2383155
0.2238965
0.2195369
0.2284985
0.2125417
0.2042653
0.2266958
0.2236802
0.2336467
0.2232439
0.2262513
0.2023131
0.2094714
0.2235952
0.2207801
0.2290263
0.2388239
0.2530819
0.2273754
0.2301854
0.2186754
0.2473812
0.2466736
0.2355967
0.2224368
0.2122582
0.2018033
0.2251076
0.2463678
0.2397983
0.227279
0.222737
0.2194459
0.211992
0.2128316
0.2279429
0.225309
0.2383421
0.2432886
0.2255003
0.2082489
0.2155921
0.2347834
0.2356022
0.2150534
0.2183877
0.1913932
0.1816747
0.145625
0.1910388
0.1896258
0.1893275
0.2231079
0.2430806
0.2215933
0.2386487
0.220718
0.2139728
0.2155211
0.2231343
0.2352658
0.2436716
0.2387609
0.2402107
0.2314955
0.2040062
0.206743
0.2037911
0.1948997
0.1883566
0.2032618
0.185936
0.1982172
0.2283086
0.2443152
0.1918675
0.1995158
0.2092853
0.211864
0.1848862
0.1924542
0.207941
0.2034935
0.2166266
0.2025805
0.1977924
0.2110008
0.2085586
0.1860259
0.1950192
0.2104721
0.1804275
0.1740564
0.1831408
0.1979503
0.2041848
0.2035735
0.1918404
0.2011269
0.1991066
0.1655391
0.1671206
0.1788603
0.1886303
0.1858469
0.1607578
0.1520667
0.1678514
0.1824407
0.2006719
0.1986095
0.2145027
0.2058117
0.2035694
0.2131405
0.2205647
0.2253548
0.2210329
0.2291232
0.2175824
0.2221317
0.2252466
0.2488421
0.2426866
0.2403874
0.2473183
0.2463699
0.2537335
0.2422043
0.2519968
0.2462568
0.2140814
0.2104452
0.212028
0.2102432
0.2349937
0.237239
0.2072642
0.2137692
0.2139344
0.21345
0.2124273
0.2226472
0.2120075
0.2131504
0.2332149
0.2301615
0.2328859
0.2367413
0.232624
0.1995677
0.2114762
0.1987781
0.2083416
0.2139958
0.2215779
0.2607166
0.2205291
0.2007953
0.1652608
0.1754397
0.1865149
0.1993244
0.1984297
0.2186011
0.2133735
0.2072522
0.2197944
0.2380725
0.237418
0.2101491
0.1969927
0.2054229
0.2191323
0.1938606
0.1948892
0.1668734
0.2052542
0.2420434
0.2431128
0.2279708
0.1941393
0.1933421
0.1763383
0.1954986
0.2006393
0.1814017
0.1647308
0.1678442
0.1537602
0.1749722
0.1861898
0.1953118
0.2098991
0.2173551
0.2098555
0.2105728
0.2274363
0.239402
0.2252291
0.237164
0.21289
0.1952672
0.2106171
0.2421875
0.2228252
0.2308585
0.2207669
0.1970026
0.203893
0.1963971
0.1838936
0.1897421
0.188772
0.2121705
0.2129762
0.2131735
0.1938617
0.1970177
0.2037676
0.2065181
0.2349536
0.2235579
0.2174049
0.2210489
0.2496027
0.243728
0.2404904
0.2113726
0.2192592
0.202397
0.2204101
0.2245092
0.2245265
0.2233991
0.2176544
0.2188759
0.1959934
0.1843062
0.1883804
0.1771026
0.1773137
0.1938706
0.1951862
0.192029
0.2136675
0.1756687
0.1761654
0.1610854
0.1838188
0.1853297
0.2031434
0.2243384
0.2384472
0.2278872
0.2499209
0.2507178
0.2473208
0.206036
0.2078359
0.1978115
0.1812785
0.2102213
0.22302
0.2131455
0.2328508
0.1987975
0.2100836
0.2153728
0.2344982
0.2345876
0.2209531
0.2216513
0.2292696
0.2459587
0.2397784
0.2217175
0.2404813
0.2528182
0.2357566
0.223345
0.2109794
0.2089994
0.2009881
0.2004424
0.2072503
0.2043531
0.1972945
0.2027809
0.1831061
0.182783
0.175432
0.1797894
0.1912249
0.2043486
0.2065
0.216242
0.2146614
0.2270384
0.2293319
0.2221599
0.2029192
0.1953879
0.2045908
0.2107824
0.2409074
0.2280286
0.2114075
0.2115807
0.2144796
0.2047623
0.18652
0.2077539
0.2022736
0.2056982
0.2312427
0.2102413
0.2070474
0.2379382
0.2300357
0.2146581
0.1939093
0.1766824
0.1689294
0.1975602
0.2114942
0.2230356
0.2155385
0.1952653
0.1715955
0.1734169
0.154687
0.1573729
0.1731196
0.2080505
0.2138473
0.2187069
0.2075525
0.2052799
0.2211027
0.2210701
0.2116194
0.22686
0.2018827
0.2178484
0.2344381
0.2329091
0.2355609
0.2370654
0.241814
0.2511785
0.240919
0.2429515
0.2474729
0.2412379
0.2459341
0.2438853
0.2359616
0.2550683
0.248144
0.237016
0.2306846
0.2429946
0.2642507
0.2433812
0.2110078
0.2121447
0.2015438
0.2166184
0.23949
0.2471759
0.2264786
0.209482
0.2109057
0.2159709
0.2242622
0.2028307
0.2141161
0.2035889
0.2067093
0.2002111
0.2277044
0.2261362
0.2270932
0.2056381
0.1916213
0.1810198
0.1861626
0.1824142
0.1928795
0.1951251
0.2198985
0.2230467
0.2250019
0.2194314
0.2071079
0.1917227
0.1991843
0.1882275
0.1891873
0.1873449
0.1889104
0.1885195
0.1860354
0.1822872
0.1712064
0.1993486
0.2237765
0.2112256
0.2187473
0.2301614
0.2098149
0.2210415
0.2084434
0.2067193
0.2202424
0.2324875
0.240241
0.2356844
0.2279266
0.2254242
0.2240837
0.2223267
0.2057521
0.195986
0.2024868
0.2025242
0.1960684
0.195159
0.193325
0.2108917
0.2104474
0.2384423
0.236031
0.2266091
0.2196057
0.2197258
0.2035898
0.1860201
0.2140733
0.2146033
0.2260797
0.2386366
0.2445819
0.2129015
0.2091163
0.2103001
0.2011962
0.1967886
0.1849386
0.1963133
0.1913722
0.2150234
0.2156768
0.2311994
0.2287555
0.2284948
0.2115181
0.199348
0.184631
0.1730148
0.1972292
0.2204614
0.2240035
0.2289607
0.2124726
0.2387785
0.2409944
0.2401625
0.2060651
0.2092176
0.1975547
0.1891334
0.1994112
0.1963912
0.1732758
0.2065597
0.2183971
0.2271574
0.2380553
0.2411663
0.2245923
0.2611337
0.2317049
0.2138505
0.2239401
0.243029
0.2681955
0.2407944
0.2405317
0.2156209
0.2066434
0.2133246
0.2152493
0.222778
0.2208492
0.2107102
0.1885997
0.199615
0.1921182
0.1706155
0.1954177
0.1820499
0.2071233
0.2290639
0.229136
0.2299134
0.2110793
0.1943103
0.1788498
0.1906286
0.1823606
0.2032772
0.1809251
0.1789322
0.2062386
0.1993302
0.1992455
0.1784792
0.1952677
0.2288586
0.237086
0.2351136
0.2327967
0.2357705
0.2563659
0.2436841
0.2305664
0.2266069
0.2162312
0.2417934
0.2663842
0.2622865
0.2595306
0.2372461
0.2431029
0.2387522
0.2270256
0.2187609
0.1881706
0.1888133
0.2026427
0.2073138
0.2366072
0.2256112
0.2441562
0.2203254
0.2043479
0.208471
0.2370199
0.2597942
0.2729468
0.2577582
0.2471448
0.2360558
0.217462
0.2187021
0.2169034
0.2126307
0.2164402
0.2226087
0.2253915
0.2365732
0.2217172
0.210738
0.224107
0.2285969
0.2334119
0.2310695
0.2305517
0.2281269
0.2134623
0.2260465
0.2289044
0.2253453
0.2429055
0.2405712
0.2140059
0.2048168
0.2030406
0.1993224
0.2180476
0.2167
0.2126581
0.2480843
0.2463091
0.2539689
0.236052
0.219667
0.2102008
0.2140908
0.2124683
0.2137818
0.2099004
0.1929885
0.1937606
0.2036903
0.2201336
0.197618
0.2332033
0.2392578
0.2261871
0.218446
0.2212796
0.188075
0.1702978
0.2038424
0.2198965
0.2155355
0.2203441
0.2098204
0.1930534
0.2125817
0.2252063
0.2312791
0.2365289
0.2402196
0.2476725
0.2297361
0.2279111
0.2231794
0.2309199
0.2012985
0.1766637
0.1865395
0.1809496
0.1952505
0.1985499
0.1800988
0.1857005
0.1867391
0.1839307
0.1731342
0.1938175
0.2034625
0.2024727
0.2164865
0.2541067
0.2275331
0.2395401
0.2399818
0.240595
0.2277165
0.2045967
0.2122913
0.2015293
0.2426632
0.2529202
0.2380741
0.2421633
0.2295123
0.2233616
0.2097854
0.224637
0.2265998
0.1975701
0.2057085
0.2147804
0.2202356
0.2202212
0.2466476
0.2362906
0.2373856
0.2386648
0.2367817
0.2475205
0.2335081
0.2324166
0.199021
0.2014973
0.2105115
0.2258292
0.2287841
0.2423972
0.2456936
0.2512274
0.2655713
0.2642736
0.2262975
0.2378882
0.2351173
0.2657244
0.2683039
0.2555437
0.2360446
0.2420435
0.2368354
0.2190524
0.2045999
0.2062496
0.2055021
0.1871932
0.1910929
0.1793509
0.1648778
0.1856456
0.2084234
0.2082529
0.2090173
0.1965687
0.1699488
0.1808773
0.1999594
0.2205293
0.2089347
0.2384845
0.2570674
0.2381071
0.2432193
0.2215833
0.2021528
0.2112631
0.2471468
0.2147326
0.2230242
0.2179014
0.2480454
0.2366019
0.2333165
0.2109117
0.2011127
0.21361
0.1999992
0.194763
0.1954192
0.2097068
0.1982479
0.1980711
0.1876176
0.2120932
0.1943898
0.2053126
0.2147672
0.2360992
0.2387856
0.2256704
0.2032945
0.1995624
0.1900443
0.1980341
0.2163595
0.2063128
0.2065854
0.2262027
0.2026911
0.1655864
0.1955205
0.1990523
0.2238158
0.2102448
0.2090911
0.2310508
0.2516582
0.2409532
0.2394971
0.2405331
0.2291844
0.2527249
0.2458007
0.250558
0.2334603
0.2282787
0.2193248
0.2261355
0.2396172
0.261746
0.2493639
0.2463097
0.2350331
0.2231723
0.2202361
0.234047
0.2104916
0.2056984
0.2107832
0.2186406
0.2159264
0.205938
0.2101332
0.2038232
0.1756029
0.1928571
0.194321
0.2011925
0.2054986
0.2068734
0.1976455
0.1858547
0.1983868
0.1840072
0.2106643
0.2325775
0.2403889
0.2206566
0.2186988
0.2357324
0.2098923
0.2275266
0.2241542
0.2207432
0.2254358
0.2312486
0.2394118
0.2031028
0.2007306
0.2036439
0.2144885
0.2318251
0.2462723
0.2459444
0.2408059
0.2267543
0.2440731
0.2404359
0.2454754
0.2612163
0.2339271
0.2260824
0.2254753
0.2478543
0.2344934
0.2298855
0.2021048
0.2004351
0.2025151
0.2367067
0.239762
0.2503928
0.2155497
0.1888129
0.1904278
0.184678
0.1786641
0.1880068
0.2244044
0.2175741
0.23567
0.2471135
0.227098
0.2322109
0.2305864
0.2065127
0.2087229
0.2260574
0.2119984
0.2050583
0.2158541
0.2192891
0.2007195
0.178333
0.188277
0.1947872
0.1955107
0.1870182
0.1862196
0.1965998
0.1808531
0.1930117
0.2050415
0.1907426
0.2094467
0.2089689
0.2027744
0.2130764
0.1919362
0.2037562
0.214711
0.215101
0.1998462
0.2008882
0.2018675
0.2040608
0.1801882
0.1882621
0.2089969
0.214231
0.2200507
0.2175242
0.205637
0.2250022
0.2322641
0.2263656
0.2470484
0.2520088
0.24412
0.2589934
0.2468206
0.2534558
0.2319164
0.2513503
0.2194361
0.1971047
0.2050521
0.1849559
0.1953454
0.1797691
0.1766002
0.1808024
0.1858434
0.2143836
0.2042207
0.2174215
0.2112318
0.2206305
0.2007636
0.1963371
0.1835559
0.193466
0.2089059
0.1928308
0.2089687
0.1906704
0.2142655
0.2077163
0.2609719
0.2288307
0.211848
0.2064789
0.2123949
0.2151397
0.2175221
0.2355439
0.2316773
0.2115007
0.1875282
0.212864
0.2191209
0.2138154
0.2033296
0.2232687
0.2252033
0.243741
0.2375928
0.228033
0.2191469
0.2137505
0.2202151
0.2051609
0.1953606
0.1860043
0.191661
0.1892877
0.1956456
0.21079
0.1826336
0.1917055
0.1941184
0.2041883
0.2024826
0.2153502
0.2292033
0.2159618
0.2252792
0.2462591
0.2587696
0.2734514
0.2594056
0.2555564
0.2437849
0.2329849
0.2451271
0.2349421
0.2127935
0.2132886
0.2374879
0.2330177
0.2323443
0.2187261
0.2131716
0.2030622
0.2007194
0.1999905
0.2094184
0.2188426
0.1876794
0.1778187
0.2074336
0.2350586
0.2203706
0.2266686
0.2305509
0.2351268
0.2125811
0.2139089
0.2240097
0.2252251
0.2186696
0.230703
0.2170912
0.2328191
0.1936667
0.2166478
0.2129955
0.2007901
0.20766
0.240491
0.2125036
0.2106012
0.2065709
0.1959577
0.18545
0.2048898
0.2183116
0.2223434
0.2200173
0.2107247
0.2081087
0.1950245
0.2011186
0.2257156
0.2171319
0.2032714
0.2093725
0.1982443
0.2127195
0.2182445
0.2359865
0.2610225
0.2433799
0.2260026
0.2406273
0.2263104
0.2290762
0.2221192
0.2425983
0.2596982
0.2689851
0.2283008
0.1950129
0.209486
0.2116085
0.2218115
0.2159375
0.2345825
0.2451824
0.2347799
0.2248253
0.198056
0.1955566
0.1814323
0.1732916
0.1704507
0.1848474
0.2139004
0.2117757
0.2144863
0.213278
0.1833084
0.1520566
0.1701973
0.1801796
0.1613576
0.1468697
0.1498089
0.1683736
0.1867293
0.2069136
0.2269527
0.2302753
0.2424343
0.2440447
0.2083776
0.2106773
0.2210086
0.2442693
0.2447011
0.2340379
0.2290946
0.2329416
0.240078
0.2453323
0.2443547
0.2246676
0.216327
0.2071495
0.1930532
0.2267692
0.2216692
0.1915144
0.1981376
0.2005035
0.2178837
0.2322903
0.2371834
0.2470663
0.2249839
0.2133304
0.2155725
0.2312191
0.2218152
0.2237219
0.2072601
0.2033709
0.2262517
0.2317884
0.2255684
0.2372345
0.2241845
0.2168952
0.2014814
0.2236225
0.2400393
0.2083152
0.2057161
0.2251347
0.2203774
0.2177444
0.2083935
0.2090854
0.2051221
0.1984108
0.2133532
0.2152325
0.2179229
0.212335
0.2164304
0.2384501
0.2504923
0.2777813
0.2783535
0.2655547
0.2491037
0.2223175
0.2271084
0.1906266
0.1917757
0.1923566
0.1990171
0.2005861
0.2287919
0.223969
0.2347144
0.2336404
0.2339845
0.2404923
0.2372266
0.2452116
0.2391385
0.2153171
0.2250554
0.2371745
0.2330064
0.2000275
0.2240316
0.2393368
0.2050565
0.2336282
0.2359818
0.2486417
0.2263907
0.2103909
0.2040389
0.1890156
0.1743876
0.1689203
0.1870266
0.2302306
0.2359479
0.2211083
0.2238822
0.2065059
0.2158165
0.2258854
0.198033
0.1893157
0.1884779
0.1673258
0.1771115
0.1961262
0.2021559
0.2140416
0.1966278
0.19894
0.2031458
0.2147078
0.2058587
0.2243741
0.2131145
0.2087989
0.1852791
0.2051014
0.2060495
0.2115435
0.1981706
0.1774982
0.2070653
0.2184195
0.2400187
0.2521189
0.2524735
0.2571795
0.249888
0.24205
0.2469548
0.2474236
0.2324535
0.2572575
0.2383771
0.2314484
0.2190185
0.1944958
0.2002483
0.2051345
0.2145352
0.2083607
0.2023671
0.2036446
0.2018137
0.1882673
0.1988176
0.2083969
0.1993671
0.2116367
0.2158117
0.2316139
0.1926209
0.2073858
0.1913573
0.1885287
0.2043827
0.2237861
0.2058655
0.2100435
0.2113104
0.2094913
0.2223689
0.2083424
0.2202879
0.2267735
0.2334051
0.2247484
0.2262245
0.2123079
0.2110827
0.216362
0.2014303
0.1969651
0.2085348
0.2081193
0.1992597
0.2144904
0.2154351
0.237748
0.2064776
0.1960024
0.2025513
0.2285338
0.2335595
0.2365927
0.2141331
0.1980997
0.1928649
0.2007349
0.2209788
0.2021471
0.2038125
0.2134935
0.2318638
0.2277466
0.2115752
0.1935924
0.1917384
0.2096312
0.2176496
0.2016206
0.1880384
0.1804245
0.2143265
0.2120782
0.2197125
0.2126611
0.2306551
0.2236019
0.2187827
0.2300127
0.2234971
0.2305901
0.2259648
0.2178124
0.2140499
0.1864575
0.2090244
0.207193
0.2050839
0.1997537
0.1932781
0.2053942
0.2045363
0.2218867
0.2079738
0.188888
0.1893842
0.1837897
0.1891522
0.1792529
0.1976651
0.206891
0.1902159
0.2072559
0.2097638
0.1992474
0.1985622
0.1908561
0.2035425
0.2107047
0.227846
0.2152633
0.2113224
0.2346319
0.2308242
0.1870852
0.2259332
0.2169571
0.2384339
0.2140868
0.222247
0.2228659
0.2606856
0.2490142
0.2409757
0.2393309
0.2410151
0.2380172
0.2303208
0.2461861
0.2857497
0.2953624
0.3090687
0.2971521
0.2969624
0.286147
0.257706
0.2613145
0.239347
0.2170569
0.2063685
0.2118059
0.222285
0.2322714
0.2442393
0.2384455
0.2531744
0.2339411
0.2263911
0.1997681
0.2023167
0.1748087
0.1512115
0.1813742
0.1973083
0.2009627
0.2012412
0.2283804
0.1957391
0.1896023
0.1971842
0.2210852
0.2220438
0.23045
0.2278498
0.2149105
0.2182597
0.219536
0.2057538
0.196061
0.2180274
0.24695
0.2410941
0.2562835
0.2649692
0.2768132
0.296434
0.3007649
0.2796478
0.2441554
0.2415112
0.2507361
0.2727588
0.2618638
0.2447731
0.2253549
0.2367737
0.2401431
0.2496724
0.2303478
0.2119831
0.2021327
0.2057844
0.2046241
0.2284349
0.214206
0.2090599
0.1980781
0.2133114
0.2157167
0.2054886
0.166824
0.1873108
0.2132322
0.2275806
0.2130091
0.2339089
0.2498476
0.2569113
0.2394712
0.2107573
0.2199268
0.2295411
0.2103984
0.1962092
0.2048406
0.1980778
0.1998274
0.1918331
0.2076845
0.2094328
0.1767797
0.1934704
0.2184027
0.2165472
0.2194815
0.2305699
0.2236019
0.1928815
0.1913094
0.1774045
0.1742153
0.1655143
0.1798223
0.1898085
0.2016819
0.2298764
0.2324686
0.2538498
0.2347858
0.2372023
0.2526145
0.241859
0.2267297
0.2307651
0.2252032
0.2211907
0.210719
0.2135245
0.2013348
0.2045445
0.1949182
0.2156899
0.2078065
0.2116124
0.2186322
0.2265681
0.2237803
0.2210704
0.1968656
0.2010353
0.2050633
0.2059942
0.2086816
0.2305434
0.2413563
0.2296211
0.2298319
0.2373455
0.2532778
0.2526521
0.2510918
0.2335941
0.2039975
0.1816441
0.1989028
0.1834963
0.1972547
0.2034426
0.1834925
0.2282825
0.1948569
0.2267241
0.2378001
0.2202669
0.2229451
0.2147994
0.1991755
0.2027239
0.1876359
0.2203871
0.2596856
0.2757088
0.2576551
0.2546398
0.2536762
0.2242183
0.2358298
0.227921
0.2214346
0.2396971
0.222787
0.222701
0.2126808
0.2172714
0.2160646
0.2293226
0.2338636
0.2298626
0.2207314
0.2480199
0.2230633
0.2405052
0.2438124
0.2118632
0.1789307
0.1906481
0.1900662
0.2035838
0.1967933
0.1818632
0.1828963
0.1668486
0.1533532
0.1524469
0.2317957
0.2401068
0.2435776
0.2432441
0.1978478
0.2297252
0.2227944
0.1931705
0.1934509
0.2043108
0.1920723
0.1997
0.2188473
0.2279126
0.2319944
0.2448848
0.2259475
0.1969244
0.2118089
0.2176813
0.1999173
0.1926313
0.1952282
0.1999192
0.218134
0.2019923
0.1910442
0.1947027
0.1977424
0.1951952
0.2041034
0.2257491
0.2131191
0.2310484
0.2310539
0.2191183
0.2143777
0.2153057
0.2197064
0.2131695
0.2222404
0.2143081
0.2085437
0.2098845
0.1877487
0.2146861
0.2303374
0.2177385
0.2205226
0.2032874
0.2031626
0.223261
0.1979651
0.2180873
0.259602
0.2370789
0.2359523
0.2201141
0.2165738
0.2195902
0.2202407
0.2305308
0.2309088
0.2298682
0.2362837
0.2142773
0.2233969
0.2381264
0.228465
0.2247915
0.2217263
0.2235131
0.2229516
0.2354437
0.2073467
0.2138202
0.2079205
0.1872773
0.2223626
0.2288619
0.2254226
0.2203003
0.1954302
0.2000859
0.1871393
0.2100014
0.210169
0.2139298
0.229398
0.2308159
0.2418258
0.2417011
0.2315817
0.2281792
0.2465328
0.2468519
0.245148
0.2508445
0.2309002
0.2304335
0.2148234
0.1848829
0.1916453
0.2144864
0.2223817
0.2269778
0.2417892
0.2157814
0.1933093
0.1898852
0.1889145
0.2120197
0.2000064
0.2113532
0.215357
0.2282712
0.2040843
0.2192308
0.2456471
0.2284872
0.2211773
0.2302676
0.2138142
0.1982883
0.1955402
0.17736
0.176435
0.1960987
0.201635
0.210956
0.2127266
0.2153904
0.1791822
0.1764442
0.1788403
0.2074431
0.2101991
0.215684
0.1972326
0.2164819
0.2213496
0.2146201
0.2093268
0.2124585
0.2330038
0.2161981
0.2198312
0.2218989
0.2291717
0.2134333
0.1972041
0.1942887
0.212247
0.2241336
0.1844537
0.2060388
0.2539985
0.2481817
0.2447354
0.2311803
0.2590338
0.2479279
0.2176074
0.2154896
0.2107901
0.2044273
0.2069581
0.2368263
0.2442591
0.2417007
0.2360199
0.2262101
0.2281726
0.2064257
0.2231949
0.2109522
0.2158551
0.2097594
0.2101898
0.2216184
0.1988137
0.1988471
0.2082742
0.2037502
0.2143855
0.1996353
0.1890129
0.1927664
0.2016297
0.2249081
0.202391
0.2177136
0.2262417
0.2368019
0.2242133
0.2038003
0.1944717
0.2028373
0.2188739
0.2368742
0.2652832
0.2458995
0.2449498
0.2358405
0.2499685
0.232462
0.2187405
0.2199571
0.2214046
0.2373421
0.2419409
0.2357705
0.2344859
0.2368465
0.2243559
0.2205393
0.1924795
0.205178
0.2364227
0.2368298
0.2276419
0.2219091
0.2467441
0.2265175
0.2259142
0.2114453
0.2131181
0.2301051
0.2158756
0.1986612
0.2188726
0.2263746
0.2303434
0.2390705
0.2304574
0.2376409
0.2283613
0.2326396
0.2322961
0.2475867
0.2509959
0.2266809
0.2009849
0.1860901
0.1946473
0.1993261
0.1995229
0.2231712
0.2347052
0.2323711
0.2057994
0.1788608
0.1857072
0.1943475
0.1982443
0.1919632
0.186764
0.2019094
0.2218427
0.2166277
0.228794
0.2324016
0.235331
0.2241303
0.2082199
0.2183001
0.2245681
0.2030851
0.2164139
0.2358067
0.2392793
0.2461339
0.2573831
0.2360416
0.2471733
0.212028
0.1889721
0.1889923
0.1844783
0.2201188
0.2262324
0.2104078
0.2095143
0.2245818
0.2208152
0.228785
0.2069252
0.2068001
0.209006
0.2316312
0.2251995
0.2297932
0.2188082
0.2172148
0.2450273
0.2508637
0.251359
0.2499693
0.2408144
0.2339038
0.2415386
0.2015807
0.1928773
0.2167379
0.2175049
0.2035456
0.2234003
0.2417264
0.250281
0.2352705
0.2308164
0.2574267
0.2336112
0.2035212
0.2073376
0.2105433
0.2258
0.2333665
0.199278
0.211734
0.2123352
0.2030676
0.2370133
0.2308211
0.2373816
0.243027
0.2490258
0.2319525
0.2184095
0.2290654
0.219891
0.2174994
0.222612
0.2215735
0.232315
0.2154039
0.1969802
0.2089213
0.2280011
0.2577151
0.2371558
0.2293616
0.2348363
0.2502134
0.2259856
0.229428
0.2497743
0.2586668
0.25736
0.2385167
0.2318526
0.2299079
0.2315135
0.2392428
0.2333847
0.2182195
0.2166357
0.2211406
0.2013918
0.2177235
0.2336882
0.2415178
0.2172468
0.1923829
0.1899926
0.1919331
0.196641
0.1841534
0.2114396
0.1927188
0.1953165
0.1739058
0.1738567
0.1736706
0.1874134
0.1961739
0.1895811
0.1887462
0.1666849
0.1750797
0.2032814
0.2297467
0.2461095
0.2622149
0.257627
0.2557789
0.2576127
0.2259172
0.2360668
0.2138639
0.2073385
0.221786
0.2499525
0.2482592
0.2236487
0.2223971
0.2193425
0.235615
0.2320182
0.2267662
0.2010634
0.1940695
0.215072
0.217643
0.2475238
0.2510588
0.1874545
0.1638728
0.1615675
0.1634898
0.1956197
0.2012369
0.2221772
0.227809
0.2458538
0.2288349
0.2298452
0.2092083
0.2166493
0.2176745
0.1945584
0.2056202
0.2121762
0.2097198
0.2121039
0.1980513
0.2017201
0.220603
0.2355716
0.2250416
0.2233377
0.2399132
0.2334241
0.2478314
0.2550667
0.2291981
0.2413813
0.2356591
0.1985386
0.1796666
0.1640404
0.1919999
0.184242
0.1993087
0.1948701
0.216945
0.2339621
0.2331138
0.2131412
0.2217868
0.2403879
0.2458576
0.2155164
0.2153675
0.1910754
0.1774028
0.1814379
0.1707205
0.1595716
0.1496359
0.1732628
0.1848519
0.2062181
0.2061726
0.2278858
0.2125151
0.1926704
0.2090186
0.2235182
0.2188661
0.2394172
0.2554244
0.2274599
0.2110879
0.2187938
0.2174251
0.2240032
0.1866406
0.2027245
0.2173132
0.2493303
0.2457552
0.2018155
0.1880693
0.1817531
0.21387
0.2078029
0.2165269
0.2493189
0.2344276
0.262426
0.2520974
0.2307992
0.2269194
0.2329121
0.1866098
0.1936484
0.2006855
0.1965807
0.2055839
0.1933147
0.1960534
0.1832824
0.1820676
0.1876581
0.1929993
0.192721
0.165306
0.1713496
0.1889456
0.1940017
0.2184357
0.2122073
0.2240412
0.215604
0.2242429
0.2187881
0.2158683
0.2366786
0.2501083
0.2393263
0.2290721
0.2349243
0.2230488
0.2586357
0.271078
0.2571358
0.2455922
0.2334833
0.1965245
0.2024049
0.182709
0.1763269
0.2162162
0.2219218
0.2302051
0.2212017
0.1854795
0.195758
0.2150551
0.2147077
0.2086477
0.222563
0.2370337
0.2263
0.2320258
0.2374967
0.2326419
0.2223886
0.2293194
0.2401858
0.2458352
0.2297961
0.2370338
0.2339124
0.2387609
0.2323764
0.2205874
0.2167518
0.215588
0.2108551
0.2059013
0.2102564
0.2430465
0.2346865
0.2397133
0.2107557
0.2220763
0.2250718
0.2234889
0.2252899
0.2460587
0.2178366
0.2004544
0.2012572
0.1977142
0.2090774
0.2337847
0.223499
0.2464334
0.2432348
0.2053819
0.1905091
0.2007286
0.201748
0.2227182
0.249828
0.2485928
0.2662452
0.2603997
0.2596563
0.2514916
0.2412478
0.2283567
0.2154456
0.2126863
0.2252127
0.2259495
0.2054527
0.2302081
0.2159582
0.2338277
0.2056832
0.2228509
0.1964014
0.1921912
0.1852198
0.2029645
0.1953273
0.1674368
0.2048935
0.1903196
0.1999825
0.2257567
0.2425819
0.2278842
0.2328865
0.2291013
0.221196
0.2083458
0.1827818
0.1790167
0.1918709
0.2130909
0.2301488
0.2298875
0.2295625
0.2255668
0.2098098
0.2036013
0.1902391
0.1936055
0.1858324
0.2075021
0.2119424
0.2220076
0.2485623
0.2211761
0.2232028
0.2168828
0.2264884
0.2225235
0.2010182
0.2186659
0.2161076
0.2234643
0.2343647
0.2157218
0.2227854
0.2324286
0.2487232
0.2332588
0.2372127
0.2220633
0.2061065
0.2220757
0.2161443
0.2085066
0.2265253
0.2334756
0.2579698
0.2539799
0.2280255
0.2105099
0.1988054
0.1840953
0.1806195
0.2087118
0.2165853
0.2324851
0.2207252
0.2280852
0.1997521
0.2211204
0.1973164
0.2195564
0.2250699
0.2176169
0.2295442
0.2414542
0.2541427
0.2539658
0.2402068
0.2368555
0.1978331
0.1988745
0.1891681
0.1970587
0.2084368
0.2155687
0.2427653
0.256193
0.2344719
0.2222226
0.2210619
0.216265
0.2349035
0.221728
0.2456616
0.2416749
0.2511367
0.2368645
0.2377327
0.2102706
0.2138497
0.2286417
0.2075224
0.2372189
0.2293324
0.2285417
0.2448684
0.2350177
0.2439073
0.2552759
0.2420169
0.2217451
0.2029473
0.2099769
0.2202024
0.2354766
0.2528477
0.230178
0.1839541
0.2011848
0.2093519
0.2034809
0.1842699
0.2184635
0.2245303
0.2037146
0.218365
0.2174679
0.2210735
0.2233629
0.2126427
0.213709
0.2281581
0.2387813
0.2539611
0.2334034
0.2210852
0.2545423
0.2661186
0.2231748
0.2036297
0.1681716
0.1882627
0.2042266
0.1958605
0.207772
0.212422
0.2119985
0.2078506
0.2070592
0.223968
0.2369594
0.2469972
0.2144222
0.2444874
0.2312428
0.2464346
0.2437027
0.2235413
0.1986758
0.236249
0.2476923
0.2391063
0.2362782
0.2138267
0.2185297
0.2268114
0.2380523
0.2155517
0.2387038
0.2216948
0.2459821
0.2313419
0.2098108
0.1902255
0.192562
0.2074224
0.2271253
0.2227381
0.2197939
0.2105336
0.2213309
0.2106166
0.2148098
0.216866
0.2139787
0.1870759
0.2173243
0.2242253
0.2206394
0.2193575
0.2162491
0.2086418
0.210037
0.2058855
0.2114757
0.2173077
0.2176155
0.2072984
0.2130532
0.2166532
0.2028216
0.1951535
0.2033154
0.1917835
0.1932091
0.1823722
0.1898104
0.1771987
0.1683954
0.2036536
0.2140423
0.208583
0.1860889
0.188656
0.2061872
0.2196168
0.2062286
0.23876
0.2412571
0.2513848
0.250768
0.2273809
0.2189479
0.2597461
0.2565879
0.2714022
0.2483837
0.2277618
0.1775931
0.1466022
0.1590925
0.1771947
0.1945526
0.2086542
0.2047437
0.2011103
0.2111388
0.2259869
0.2076805
0.2047265
0.2129954
0.2075536
0.2141606
0.2160568
0.2277294
0.2315934
0.2429992
0.2340695
0.2255145
0.2251141
0.217172
0.2280992
0.2158532
0.1980162
0.2207201
0.2230738
0.2232678
0.215889
0.2059457
0.1917203
0.2001618
0.1935087
0.2035994
0.1956699
0.1944208
0.2113356
0.2260201
0.2235902
0.2323576
0.2019315
0.2053376
0.222396
0.2125469
0.1920601
0.2027275
0.2133974
0.2158558
0.214849
0.1984194
0.2006426
0.1934743
0.2173286
0.2351339
0.2277805
0.212054
0.2261448
0.2192299
0.2443136
0.2236136
0.2256241
0.1979405
0.1807297
0.1959127
0.1998774
0.194977
0.2084406
0.2285124
0.2204915
0.2025389
0.2003203
0.1753207
0.1745256
0.190303
0.1857462
0.1962173
0.2112443
0.2164549
0.2425903
0.210865
0.216268
0.2091924
0.1968129
0.2158386
0.208672
0.2283419
0.2494212
0.248444
0.2506918
0.2421471
0.211683
0.2030864
0.1985294
0.1746363
0.1652687
0.186107
0.1891295
0.202377
0.2087227
0.2317222
0.2313943
0.2090925
0.2047392
0.1804616
0.18187
0.2011333
0.2059087
0.2244745
0.2289163
0.2395362
0.236513
0.243406
0.2433817
0.239623
0.2456101
0.22836
0.2354036
0.2199507
0.2319833
0.2576991
0.2342368
0.2292963
0.2105149
0.2105398
0.2011736
0.2059047
0.1989966
0.2071727
0.2213519
0.2044817
0.2052725
0.2079732
0.1899097
0.2222037
0.2109654
0.20998
0.2063241
0.2273417
0.2115285
0.2055159
0.2175511
0.2354285
0.237569
0.2244721
0.2077898
0.2262131
0.2170294
0.2130637
0.2231245
0.2224966
0.2301839
0.2072832
0.2183385
0.2285669
0.2316729
0.2232
0.226835
0.2512635
0.2337954
0.2448948
0.2223323
0.1878786
0.1525903
0.1611894
0.190745
0.175288
0.1877497
0.1945292
0.203856
0.2163894
0.2214773
0.2415363
0.2315379
0.2380868
0.2264266
0.2235776
0.2127528
0.2125022
0.2002845
0.1965465
0.2006978
0.199954
0.2038647
0.2040878
0.2065687
0.1960667
0.1729805
0.1881816
0.211466
0.2170041
0.2265143
0.227209
0.2282952
0.226319
0.2140437
0.2175117
0.2130094
0.204904
0.2225094
0.2226445
0.2361891
0.2383319
0.253587
0.2273203
0.213813
0.2160603
0.2240419
0.2111115
0.2010202
0.2069355
0.2197186
0.2352196
0.2220858
0.2368872
0.2250549
0.2364814
0.2205956
0.2211067
0.2280881
0.2115865
0.2021319
0.2026001
0.2018521
0.2344897
0.2419616
0.2540389
0.2460939
0.2279676
0.2201071
0.2209953
0.2121008
0.2023992
0.2019531
0.1925751
0.1966902
0.2073471
0.2138536
0.1953278
0.224527
0.222864
0.226057
0.2141136
0.2335891
0.2098262
0.1938789
0.212286
0.2248161
0.2034295
0.2229472
0.2208865
0.219168
0.1976421
0.2196161
0.2094119
0.2065955
0.2206265
0.2133463
0.2061282
0.2085867
0.217469
0.2263293
0.2249899
0.2019805
0.2065977
0.2165136
0.2283272
0.2301864
0.2356827
0.2453001
0.2521428
0.2248761
0.2283483
0.2301292
0.2157307
0.2117266
0.1913554
0.2036321
0.1902666
0.205154
0.20492
0.1920458
0.1906684
0.199322
0.2134707
0.209551
0.2048889
0.2088957
0.2105515
0.1985676
0.208737
0.1836774
0.1872143
0.1850939
0.1915956
0.1848181
0.2036611
0.2052177
0.2049567
0.2096952
0.2188239
0.2428137
0.2450081
0.2234852
0.244567
0.2268484
0.2083261
0.193925
0.2148695
0.2158864
0.23284
0.2174969
0.2212354
0.2109567
0.2131544
0.2238486
0.2250885
0.2002195
0.2134475
0.2066868
0.2000442
0.2069558
0.2247218
0.2268704
0.2413942
0.2344817
0.2375355
0.2246382
0.229623
0.2241671
0.2057353
0.2003909
0.1908514
0.1892093
0.1913061
0.2026391
0.1999913
0.1848974
0.1855748
0.1893542
0.2074458
0.2261073
0.2066019
0.1916063
0.1880522
0.1927796
0.2114996
0.2134453
0.2061431
0.2143606
0.212499
0.2248176
0.2487297
0.2601317
0.2547364
0.240897
0.2359744
0.2242379
0.2280609
0.207862
0.2171421
0.2268773
0.2400819
0.2331461
0.2297734
0.2137412
0.234593
0.229914
0.1915716
0.1771546
0.1792573
0.2089865
0.1919215
0.1905689
0.1950013
0.1896449
0.191377
0.1858387
0.1658051
0.1856383
0.2155118
0.2301945
0.2631476
0.2407113
0.2434623
0.2115798
0.2360375
0.2288791
0.240676
0.2212839
0.2282615
0.2175372
0.2309889
0.2372517
0.2428758
0.2307077
0.2156622
0.2149642
0.2035823
0.2276295
0.2204742
0.2400067
0.2603378
0.2336501
0.2095471
0.1964808
0.2062062
0.1893397
0.1849987
0.176124
0.1962533
0.2242089
0.2247911
0.2276857
0.2259262
0.2174229
0.2436766
0.2369167
0.2124965
0.2346099
0.2116125
0.2447792
0.2382419
0.2198327
0.2106421
0.2205435
0.2189
0.2325471
0.2477571
0.2351173
0.2212663
0.2020922
0.200015
0.1994774
0.2003028
0.1945094
0.1945571
0.2111514
0.2143021
0.2176026
0.2189849
0.1943557
0.1832912
0.1824064
0.1963145
0.2258242
0.2309022
0.2309635
0.2519267
0.236596
0.2372614
0.2423935
0.2156282
0.2015896
0.2133834
0.2381606
0.233806
0.2236549
0.208948
0.2144925
0.222436
0.2093242
0.2034779
0.2020384
0.2155944
0.2132833
0.2046195
0.2141602
0.2136614
0.2126165
0.2142642
0.2210384
0.2291666
0.245547
0.2201201
0.212786
0.2161357
0.241443
0.2213595
0.2226788
0.2076363
0.2242701
0.2364105
0.2342929
0.2365523
0.2462396
0.2390515
0.2160359
0.2121819
0.2049475
0.2101695
0.2281375
0.2384621
0.2224562
0.2257684
0.2402703
0.211136
0.2213366
0.2424129
0.2545005
0.2390718
0.2492151
0.2116858
0.2265847
0.2185192
0.1923067
0.1938945
0.2121806
0.1899089
0.2180113
0.2063924
0.1906274
0.1842822
0.1897291
0.1875511
0.1888172
0.1865099
0.196667
0.2146634
0.2245906
0.2094717
0.2141966
0.2172398
0.2179767
0.2063052
0.2276212
0.2311049
0.223426
0.2298128
0.2266537
0.2083665
0.2273962
0.2066726
0.1875749
0.1878762
0.1822759
0.2151016
0.2379351
0.2476187
0.2326576
0.2472021
0.2024043
0.2136411
0.2545293
0.262983
0.2459874
0.2416774
0.2146334
0.2398741
0.2420903
0.2354478
0.231588
0.2366788
0.2231583
0.2242612
0.2071714
0.1975627
0.2054782
0.2180085
0.2489175
0.2286147
0.2509972
0.2399765
0.2562648
0.2552057
0.2623999
0.2369745
0.2283689
0.2453683
0.2417842
0.2218215
0.2357166
0.2433835
0.235717
0.241548
0.1922917
0.1833302
0.1842242
0.1959257
0.1870973
0.1903936
0.1759015
0.1632585
0.1691636
0.1629694
0.1629071
0.1649309
0.1628955
0.1738458
0.19075
0.1745056
0.1878811
0.1884073
0.1781693
0.1763677
0.2156484
0.2186603
0.2078277
0.1799422
0.1994406
0.1938847
0.204646
0.2071296
0.2255326
0.2156384
0.2315391
0.2406925
0.2039984
0.2002367
0.210044
0.207074
0.2157576
0.2020545
0.2010444
0.1923392
0.2026907
0.2200561
0.2280269
0.2030294
0.185938
0.1810393
0.1807802
0.2036755
0.1870524
0.216918
0.2396532
0.2452398
0.2347623
0.2111706
0.212496
0.1882956
0.2205419
0.2151655
0.2026937
0.2280596
0.2221321
0.2174176
0.2211783
0.2302129
0.2570768
0.2537695
0.2336656
0.2320999
0.2448081
0.2378462
0.2420145
0.236819
0.2344969
0.2373238
0.2416962
0.2473382
0.2252925
0.212908
0.2289178
0.1994802
0.2057499
0.2140248
0.2180103
0.2299269
0.2301697
0.2435679
0.2397985
0.2537094
0.2442163
0.2415812
0.2491845
0.2456454
0.236013
0.2294071
0.244105
0.2360641
0.2568214
0.2389759
0.2240532
0.2126159
0.2084247
0.2204759
0.2192949
0.2156395
0.231324
0.225284
0.2186859
0.2282051
0.2181469
0.2279075
0.2319346
0.2215641
0.2420716
0.2116258
0.2068338
0.1978152
0.2091484
0.205025
0.198691
0.1943221
0.1772197
0.2111221
0.2237862
0.1936999
0.1946773
0.1961903
0.2170886
0.222687
0.2347453
0.2432493
0.2311483
0.2422272
0.2231707
0.2080481
0.2145158
0.2049925
0.1941506
0.2013802
0.2085363
0.2238975
0.2266945
0.2376164
0.237258
0.2254202
0.2399627
0.2259081
0.2244861
0.25605
0.2626901
0.2540132
0.2296303
0.1956089
0.213575
0.2241163
0.1921125
0.2223537
0.2299238
0.2358777
0.2418484
0.2084717
0.2020387
0.2070134
0.2493771
0.2258289
0.2247386
0.2161232
0.2179212
0.2427774
0.2246432
0.2173689
0.1944687
0.1977667
0.198537
0.1937394
0.2227039
0.2061702
0.2094671
0.2189184
0.2156923
0.2015264
0.194327
0.2096769
0.2056725
0.1885704
0.1985164
0.209089
0.2401998
0.2448082
0.2194628
0.2222053
0.2299896
0.2272432
0.2070432
0.1910367
0.2101721
0.2080155
0.2195512
0.2369727
0.2316617
0.219295
0.1984222
0.1880151
0.1879745
0.1597879
0.1846559
0.1869779
0.2062702
0.2270255
0.220872
0.2318856
0.2299128
0.2138357
0.2156495
0.2144955
0.208504
0.2128411
0.2132763
0.2110731
0.2012951
0.2024368
0.2146795
0.211412
0.2264623
0.2254542
0.2330234
0.2376339
0.2418789
0.2545997
0.2481656
0.2542092
0.2558511
0.2389762
0.2296078
0.2226491
0.2358827
0.2310547
0.2257065
0.2188159
0.2122741
0.198299
0.2102462
0.2124568
0.185107
0.1872717
0.213776
0.2201827
0.2283307
0.229291
0.2008705
0.1911739
0.2010867
0.1960221
0.1944401
0.2187357
0.2052028
0.2242766
0.2436519
0.2218037
0.2270957
0.2152282
0.2022799
0.1882838
0.2180725
0.203958
0.2161785
0.23395
0.2254232
0.2072834
0.1942974
0.2039037
0.2117387
0.2035603
0.2107421
0.2225194
0.2184543
0.2092142
0.2081136
0.2298505
0.2222514
0.2317737
0.1951694
0.1966044
0.2091482
0.2449102
0.2379801
0.2550968
0.2392678
0.2244691
0.2205136
0.2106793
0.2132309
0.1856276
0.1959885
0.2031823
0.1856678
0.2079717
0.1953994
0.2005363
0.2421517
0.2310369
0.2217064
0.2307776
0.2390919
0.2183207
0.2199184
0.2170192
0.241631
0.2382394
0.2475311
0.2538694
0.2284341
0.2082948
0.2126704
0.197369
0.2039759
0.219474
0.1947153
0.1971611
0.2073925
0.1934775
0.1974659
0.1725751
0.1832538
0.1806556
0.2012591
0.2250328
0.2315561
0.2069587
0.2152658
0.2077001
0.2222444
0.2424946
0.2408822
0.2241952
0.2262609
0.2239286
0.2188528
0.2234625
0.2437156
0.2465808
0.2365962
0.2238036
0.231951
0.2435641
0.2352086
0.2238341
0.2292067
0.2427119
0.2352526
0.230984
0.2383532
0.2151686
0.1981933
0.2323985
0.2430984
0.2310152
0.2417517
0.249846
0.2456202
0.2417615
0.2121401
0.2002955
0.195415
0.2164388
0.208515
0.2410134
0.2377258
0.2497025
0.2466904
0.2324919
0.1791154
0.1853138
0.2013275
0.2277221
0.2507209
0.2413321
0.2384184
0.238146
0.2338529
0.2326652
0.245206
0.251422
0.2491987
0.2314314
0.2258192
0.2239802
0.2216684
0.2282395
0.2294992
0.2362103
0.2402057
0.2479183
0.2249588
0.2024054
0.202091
0.2027019
0.2224104
0.236248
0.2091536
0.2297673
0.2352665
0.2269686
0.2140343
0.2019453
0.1877551
0.2143486
0.224612
0.2340451
0.2238524
0.2156111
0.2551035
0.2269128
0.2243841
0.23371
0.2113305
0.2296902
0.2411987
0.2308059
0.2313709
0.206056
0.220132
0.2206347
0.2372954
0.2320819
0.2328639
0.2127063
0.2246267
0.2468244
0.2248548
0.235756
0.2192886
0.2129562
0.2189266
0.1989743
0.1978282
0.2143305
0.2210248
0.2197353
0.2285041
0.213935
0.2208074
0.2096004
0.2145654
0.2136853
0.2198454
0.2251765
0.208278
0.2017113
0.2378821
0.2379968
0.2393018
0.2098156
0.2124097
0.2343557
0.200579
0.1939555
0.2004761
0.2020153
0.1821325
0.1673267
0.1921513
0.1647676
0.1735831
0.2226728
0.2232382
0.2572511
0.2720117
0.2775904
0.2650511
0.2732409
0.2537116
0.2280804
0.2236861
0.2240701
0.228555
0.233229
0.2300287
0.2202812
0.209346
0.2287273
0.2217141
0.239614
0.2293352
0.2439624
0.2473082
0.2428355
0.2400047
0.2451755
0.252498
0.2596962
0.2277753
0.2175961
0.2056113
0.1804806
0.1487669
0.14101
0.1518752
0.1623399
0.1654585
0.1886328
0.2135306
0.2067918
0.2187676
0.2491729
0.245672
0.2397802
0.2247685
0.2149236
0.2355576
0.2345291
0.1942034
0.2228947
0.248548
0.2375965
0.2680254
0.249407
0.2456619
0.2469823
0.23839
0.207324
0.2309901
0.2214342
0.2234184
0.2195788
0.1976025
0.2007359
0.2196803
0.2148034
0.2242097
0.2433246
0.2258989
0.2580373
0.259189
0.2345855
0.2402313
0.2228938
0.2180077
0.224236
0.2174225
0.2128497
0.2200691
0.223864
0.2183853
0.2153642
0.2179849
0.2005562
0.220651
0.2146552
0.215269
0.2026956
0.2099595
0.2133948
0.2222012
0.2199305
0.221356
0.2318222
0.2374229
0.2323299
0.2420818
0.2161259
0.2297758
0.2409441
0.2510271
0.2481059
0.2261725
0.1966983
0.2305921
0.2360516
0.23526
0.239783
0.2445768
0.226712
0.2192508
0.2474395
0.2443702
0.2311197
0.217183
0.2286713
0.214825
0.2206021
0.1976817
0.2091634
0.2230312
0.2585873
0.2614361
0.2566675
0.2495073
0.2270647
0.225101
0.2185084
0.216115
0.2093967
0.2123146
0.2060632
0.2113879
0.2171782
0.1981764
0.1974761
0.1978652
0.2124318
0.2085314
0.2158452
0.2157891
0.2228465
0.2248397
0.2060475
0.2081327
0.2002451
0.1911274
0.1990945
0.213671
0.1998285
0.2048472
0.2306817
0.2354407
0.2259911
0.2115498
0.2054301
0.1801687
0.1979177
0.2252816
0.2239128
0.2221185
0.2170893
0.2169996
0.2007577
0.219298
0.2016964
0.2147555
0.2279303
0.2372027
0.2514935
0.2282632
0.2066438
0.208604
0.2260488
0.2122394
0.2113966
0.2097815
0.2147256
0.1921064
0.1901232
0.1876335
0.1884362
0.1722032
0.1766354
0.1746243
0.1734921
0.1899441
0.2274465
0.2056708
0.205172
0.2051999
0.2294577
0.2383534
0.2585056
0.2363928
0.2236801
0.2247258
0.2227497
0.2240165
0.2398281
0.2321438
0.2193426
0.2143293
0.2237207
0.2083638
0.2139025
0.2259114
0.2314494
0.2588375
0.2476866
0.2204419
0.2142898
0.2151385
0.2110289
0.2242695
0.223387
0.2261594
0.2113611
0.2152437
0.205437
0.1920268
0.1929711
0.2032004
0.2195799
0.2175763
0.225251
0.1999004
0.2081443
0.2180286
0.2199878
0.2053821
0.2034172
0.1920062
0.1979776
0.2197151
0.2143022
0.1931683
0.1765895
0.1684996
0.1830664
0.1893133
0.1618227
0.186901
0.2168027
0.2038012
0.1943059
0.1956473
0.2037388
0.2118226
0.1830516
0.2139152
0.2388071
0.2373261
0.1947704
0.188988
0.1711476
0.2049738
0.2293602
0.222669
0.2236486
0.2088851
0.2230752
0.2155704
0.208347
0.2302239
0.2127225
0.2143262
0.2213524
0.2160878
0.2124019
0.2004768
0.2037164
0.2187685
0.2272681
0.2261211
0.2285864
0.2063602
0.2286358
0.2034289
0.2252132
0.2569462
0.2495081
0.2183419
0.2010679
0.2229666
0.2308436
0.2110167
0.2075998
0.1968764
0.1999395
0.2013624
0.1731683
0.1780475
0.1827063
0.1869254
0.2403292
0.2196238
0.2228958
0.2164943
0.2255949
0.2131984
0.2115431
0.2301794
0.2193744
0.2319605
0.2268978
0.2328288
0.2344191
0.2464878
0.2479988
0.2414766
0.2233806
0.2237172
0.2026472
0.2089137
0.2150424
0.190597
0.1928331
0.1957532
0.1960113
0.2235693
0.2510578
0.2270519
0.2096031
0.2036974
0.1977288
0.2106379
0.2072453
0.2158846
0.2366837
0.2235147
0.2149439
0.2369105
0.2259761
0.2483661
0.2384286
0.2602459
0.2703759
0.2485858
0.2400902
0.2177015
0.2386956
0.2455829
0.2789008
0.2260599
0.1926541
0.2056129
0.2115308
0.2269308
0.2219362
0.2326963
0.2226285
0.2414543
0.2410553
0.2423318
0.2243049
0.2385599
0.2505445
0.2298833
0.2058328
0.2117231
0.2224334
0.2211538
0.2078731
0.1989928
0.2210874
0.2303528
0.2334228
0.2242627
0.2396373
0.2212218
0.22877
0.2413997
0.2383842
0.2252366
0.1931478
0.1990742
0.2185909
0.2012831
0.2016821
0.2029345
0.1910994
0.1987286
0.1888532
0.1915895
0.214971
0.2180295
0.2291051
0.2216125
0.2307004
0.2427402
0.2238534
0.2053549
0.1974554
0.1840719
0.1784094
0.1776873
0.1895772
0.201616
0.1747453
0.1713623
0.1842512
0.186908
0.1914099
0.2016421
0.1816314
0.2071252
0.2152228
0.2167802
0.2263754
0.216313
0.2132959
0.2160753
0.2003077
0.1920614
0.202052
0.2168909
0.2240205
0.2217208
0.2122156
0.1918655
0.1840615
0.179759
0.1938148
0.1774686
0.1945848
0.2118873
0.2055488
0.2305804
0.2371043
0.2270159
0.2204719
0.1854733
0.197647
0.2030095
0.2179247
0.2259008
0.2420528
0.2474363
0.2414393
0.2376853
0.2153752
0.2167632
0.2120459
0.190543
0.1966208
0.1993472
0.1818553
0.2121059
0.2231145
0.2218497
0.2042117
0.229421
0.2399608
0.2003544
0.1953782
0.1881289
0.2100392
0.216081
0.2115364
0.231605
0.2319456
0.2247103
0.2317174
0.2464265
0.2442634
0.2573954
0.2579961
0.2279683
0.2108682
0.2113367
0.21009
0.199247
0.193003
0.2199758
0.2121627
0.2082137
0.1991964
0.206762
0.2123393
0.236276
0.2419195
0.2506185
0.2380786
0.2371871
0.20808
0.1976063
0.2175286
0.1935363
0.1862463
0.2018787
0.2165217
0.186332
0.2029406
0.2348122
0.243576
0.2399705
0.2293015
0.223145
0.21313
0.1987621
0.2034528
0.209901
0.2196424
0.2228822
0.2309237
0.2202435
0.1996112
0.2213407
0.2288992
0.2283172
0.2254763
0.2040508
0.2070371
0.1939539
0.2121168
0.2148716
0.2065678
0.2018677
0.2005544
0.1809099
0.1941714
0.2156034
0.2292384
0.2337322
0.2249403
0.209337
0.189829
0.1817715
0.1827048
0.1679269
0.1664092
0.1602357
0.1741551
0.1890262
0.2136872
0.2165677
0.2283567
0.2394592
0.2304162
0.2003474
0.195685
0.184677
0.1821549
0.1927289
0.2159525
0.2296053
0.2455621
0.2309566
0.2303868
0.2048606
0.198799
0.1966993
0.2142638
0.2469626
0.2319496
0.2307676
0.2505218
0.228743
0.2273368
0.2015902
0.2111131
0.2204245
0.2221487
0.2133483
0.2046985
0.2061671
0.1915579
0.1983692
0.205041
0.191198
0.1958802
0.1902115
0.2279129
0.2460546
0.2073505
0.186335
0.1860862
0.1818365
0.1884101
0.1970355
0.1863957
0.1913376
0.2045615
0.20357
0.2069675
0.2048417
0.1882569
0.2074393
0.2136044
0.2013736
0.2123392
0.2243816
0.2283566
0.2334641
0.2491417
0.2398385
0.2280358
0.2113594
0.2128211
0.1969462
0.21113
0.2426676
0.2617477
0.2497603
0.2467627
0.2323044
0.2186265
0.2361892
0.236855
0.2430821
0.2302314
0.2060186
0.1972151
0.1843983
0.1999491
0.2028155
0.2003223
0.1713322
0.16426
0.1858463
0.1924469
0.1604917
0.1717759
0.1668063
0.178569
0.1691783
0.1927023
0.1917281
0.2084803
0.194712
0.1834695
0.1938826
0.1853587
0.1947686
0.1803396
0.1933305
0.1892511
0.1695781
0.1727708
0.1878263
0.1862774
0.1835855
0.2125931
0.2157346
0.2362103
0.2279174
0.2227562
0.2237811
0.2405974
0.2408652
0.250176
0.218202
0.2115123
0.2335916
0.2167769
0.2038869
0.1935396
0.1929777
0.1933047
0.2021069
0.2246191
0.2176938
0.228413
0.2211024
0.2313013
0.1980847
0.2081383
0.2036508
0.2066774
0.1926758
0.1952468
0.2003683
0.2076391
0.2125264
0.2132984
0.2239681
0.2121852
0.2234758
0.2233602
0.2140159
0.2272425
0.208232
0.2099837
0.2306368
0.2489626
0.2462147
0.2418196
0.2311695
0.2247629
0.2337166
0.2077405
0.2266101
0.2251295
0.223382
0.2016812
0.2123542
0.2023255
0.2080927
0.1929953
0.2091792
0.2350061
0.240979
0.2231917
0.2020499
0.1977539
0.2032312
0.2012801
0.1980758
0.2052166
0.2268479
0.2012517
0.2123534
0.1977746
0.2030338
0.2219281
0.2205533
0.2000326
0.2154406
0.2001733
0.1686207
0.2041963
0.1823341
0.1834779
0.1953216
0.1958519
0.2029111
0.2008757
0.2005205
0.2001189
0.1977877
0.1839641
0.1613642
0.1782027
0.1917919
0.2065988
0.1940306
0.1980666
0.1932713
0.2073355
0.2004951
0.2001989
0.1814599
0.187327
0.1942121
0.2109306
0.2005355
0.2106744
0.2379646
0.2375944
0.2385345
0.2148102
0.2121156
0.2172731
0.2101038
0.219746
0.2036566
0.2103715
0.2052518
0.189839
0.1833014
0.1788228
0.1829884
0.1966243
0.2084234
0.2360612
0.2180407
0.2322982
0.2533525
0.2354564
0.2185891
0.2166559
0.1898705
0.2167958
0.2307675
0.1991784
0.1945157
0.1960772
0.2016634
0.2043496
0.1940163
0.2053431
0.2244699
0.2246119
0.2142366
0.2104738
0.2018275
0.2043088
0.2262993
0.218842
0.2301287
0.2319673
0.2278362
0.2346273
0.2322708
0.2162853
0.1894732
0.1877436
0.2057587
0.2186352
0.2096071
0.2306522
0.2232162
0.2235635
0.2322873
0.2464351
0.2479674
0.2325318
0.1995448
0.2004723
0.189481
0.1835826
0.1848006
0.190261
0.201856
0.2071531
0.2048595
0.203917
0.1965143
0.1869936
0.1913658
0.1878749
0.2014145
0.2102609
0.2038943
0.1936231
0.1966432
0.1894633
0.2011612
0.2014974
0.1913746
0.1900406
0.1987631
0.192959
0.1991098
0.1712333
0.1501658
0.1543947
0.1394537
0.156637
0.1601626
0.1834384
0.1814453
0.1919283
0.1946555
0.2112791
0.216804
0.2006829
0.2053759
0.1881461
0.1631526
0.1744844
0.1731927
0.1837303
0.19267
0.1903435
0.1984739
0.2182053
0.2205315
0.2176048
0.2263341
0.232148
0.2315677
0.2233217
0.2122461
0.1942038
0.1946415
0.1643362
0.2079916
0.2028195
0.2126439
0.2223209
0.1909721
0.2302807
0.2152902
0.2250766
0.2209821
0.2091085
0.2003894
0.1945668
0.1868479
0.2325362
0.2207592
0.2009179
0.1999225
0.2105855
0.1825696
0.1890609
0.1958617
0.2055291
0.1858939
0.1883239
0.1664572
0.1822614
0.2044658
0.2125394
0.1958804
0.2014811
0.2127605
0.1886567
0.201015
0.2378578
0.2490631
0.2641218
0.262854
0.2472303
0.2296706
0.2109367
0.2318034
0.2197943
0.2317012
0.210743
0.223254
0.2270717
0.2424398
0.2531231
0.2417546
0.2316767
0.2358548
0.2295023
0.2158097
0.2229751
0.2326546
0.2372961
0.2374608
0.2483529
0.2701046
0.2833314
0.2586171
0.2456918
0.2706774
0.2506838
0.2512352
0.240005
0.2283481
0.2315675
0.2071215
0.2174544
0.2441025
0.2534113
0.2751641
0.2600412
0.229318
0.2359963
0.2225232
0.199742
0.195838
0.2010191
0.1791914
0.1762135
0.1608875
0.1855685
0.1946211
0.1866215
0.223077
0.2292952
0.2179307
0.2395635
0.2184847
0.2111025
0.2029918
0.2209169
0.2192098
0.2463703
0.2062621
0.2171627
0.2037297
0.1979842
0.2108043
0.2124918
0.2087133
0.2067365
0.228195
0.2267122
0.2077579
0.191722
0.1890405
0.2022444
0.2202056
0.2232614
0.2192254
0.2114522
0.2144796
0.2295411
0.215827
0.2012855
0.1816485
0.1850863
0.1873767
0.2145447
0.2356156
0.2142989
0.2016111
0.2070526
0.1813455
0.1864291
0.2063693
0.2195519
0.2283061
0.2218834
0.2132429
0.2247599
0.2401477
0.2111738
0.2238257
0.2052887
0.1928974
0.1849118
0.2328386
0.2452412
0.2483359
0.2390853
0.2600905
0.2446159
0.2140822
0.2299913
0.2311335
0.2221051
0.2193927
0.2376548
0.2655119
0.2559984
0.2416868
0.2263966
0.205865
0.2151874
0.2205985
0.2237448
0.2266791
0.2335426
0.2411108
0.2447146
0.2412083
0.2461021
0.2233751
0.2093817
0.2248602
0.2455261
0.2178714
0.2168117
0.2166598
0.2170808
0.2238684
0.2106782
0.2129775
0.1976282
0.2078005
0.2143824
0.2106065
0.2162645
0.2179808
0.2349583
0.2339998
0.1950932
0.1956444
0.2061838
0.2077388
0.2387108
0.2545007
0.2824042
0.2573804
0.2226288
0.2139856
0.2088966
0.2170571
0.2392177
0.2240608
0.2091714
0.2084249
0.2411407
0.2357666
0.2406634
0.2297317
0.2252341
0.2327779
0.235585
0.2264457
0.2347089
0.2271612
0.2214288
0.2077073
0.2002097
0.2118106
0.2097421
0.201859
0.199096
0.218338
0.2311478
0.2546603
0.2532832
0.231041
0.2142481
0.212163
0.2253439
0.2373054
0.2409638
0.2151608
0.1979595
0.1859455
0.2010719
0.1911681
0.1984607
0.1897117
0.1916259
0.2081184
0.1979246
0.2139214
0.2244062
0.203454
0.2098563
0.2252715
0.2197155
0.2209355
0.213706
0.1842189
0.208775
0.2125708
0.2201201
0.2419377
0.2158533
0.247865
0.2429408
0.2364187
0.2255193
0.2063159
0.1921862
0.175892
0.2113121
0.2378452
0.2320794
0.2357782
0.2247924
0.2136459
0.2311928
0.2189423
0.2349002
0.2243991
0.2242213
0.2120608
0.2168886
0.2311328
0.2408573
0.2300701
0.2114219
0.2220011
0.225876
0.2049439
0.2109306
0.1896799
0.195267
0.2022006
0.1930043
0.187747
0.2055906
0.203789
0.2090768
0.2344548
0.2336535
0.2504893
0.2377996
0.2382937
0.2364947
0.233146
0.2254145
0.2167227
0.215491
0.2404163
0.2381063
0.2185184
0.2086624
0.2183611
0.2109609
0.2159782
0.220149
0.2382566
0.251462
0.2358704
0.2105694
0.2059805
0.1957237
0.181446
0.1688674
0.1975455
0.2274842
0.2379051
0.2236697
0.2540777
0.2498933
0.254411
0.2437058
0.23293
0.2197602
0.2197898
0.2094271
0.2176756
0.2331207
0.2231275
0.244418
0.219794
0.2226889
0.2096081
0.2188297
0.2405523
0.2185982
0.2214764
0.2359177
0.2269332
0.2261863
0.2313003
0.2165953
0.2202172
0.2232271
0.2217451
0.2161746
0.2107377
0.2148964
0.1993489
0.2019752
0.2116494
0.2029928
0.2232748
0.2133331
0.2330872
0.232292
0.231034
0.221364
0.1934128
0.1830232
0.1800643
0.2109543
0.2189885
0.1990046
0.2042487
0.2009653
0.2088457
0.2048295
0.2203433
0.2255014
0.2364709
0.235286
0.2410083
0.2260337
0.1864942
0.1844883
0.1969284
0.1971747
0.19311
0.1965004
0.2231387
0.2012957
0.1901565
0.1934349
0.2142197
0.244341
0.2258411
0.2431935
0.2522297
0.2494866
0.21693
0.2101569
0.1764349
0.1924346
0.2078026
0.2160502
0.2387451
0.2093621
0.1937298
0.2317874
0.2396447
0.2418191
0.2420143
0.2314997
0.2410797
0.2694329
0.2624612
0.2423524
0.2381442
0.2280401
0.2082521
0.2019638
0.196134
0.2005898
0.2193653
0.2093773
0.1974006
0.2249619
0.2175657
0.214649
0.1959868
0.1999713
0.1943151
0.1985845
0.1915154
0.1970087
0.2025284
0.2245282
0.2351378
0.2375095
0.2375226
0.2051154
0.2007664
0.2173567
0.2067473
0.1974205
0.2129053
0.1918023
0.2014375
0.1903549
0.206128
0.1999348
0.2364441
0.228088
0.2326923
0.217764
0.2308223
0.2132405
0.2057678
0.2102765
0.2152276
0.182759
0.1975178
0.1739988
0.2033828
0.2159309
0.2255685
0.2322244
0.2339693
0.2050069
0.2000487
0.1947135
0.2156497
0.2140683
0.2336496
0.236053
0.2570738
0.2487572
0.2500303
0.2428158
0.2684834
0.2561623
0.2306119
0.2321606
0.2401487
0.2309398
0.2223063
0.2011824
0.1919351
0.2064841
0.2365406
0.2334165
0.2465983
0.2474681
0.2580208
0.2356047
0.2059761
0.2073637
0.1977639
0.1952091
0.1901559
0.1995845
0.221212
0.2299064
0.1948765
0.2089786
0.2097346
0.208323
0.2208605
0.233306
0.1966983
0.2140077
0.2048619
0.2319094
0.2400958
0.2403722
0.236013
0.2216179
0.2140775
0.2309419
0.2546501
0.2593418
0.2380728
0.2303819
0.2315228
0.2535932
0.2308547
0.2518291
0.2481836
0.2362374
0.2367278
0.2315565
0.2526249
0.2383543
0.2226189
0.1978323
0.2094844
0.2306566
0.2094812
0.2233859
0.2333865
0.2072266
0.2113173
0.1930878
0.2144733
0.2250377
0.2176251
0.2230394
0.2125226
0.2285513
0.2220587
0.251003
0.2536357
0.2690265
0.2458204
0.264285
0.261673
0.254544
0.2380546
0.2405301
0.2326213
0.2125991
0.20886
0.1848028
0.203703
0.1923315
0.1993359
0.2253038
0.227997
0.2208468
0.2307028
0.2310403
0.2345746
0.2141504
0.1981554
0.1905117
0.216589
0.2390895
0.2250864
0.2266088
0.2238879
0.2148984
0.1996186
0.2073527
0.2117131
0.2111006
0.198407
0.1999631
0.2082374
0.2011928
0.1965064
0.1660248
0.1860496
0.2085148
0.2058415
0.2249391
0.2152351
0.233518
0.2404026
0.2434907
0.2344362
0.2297412
0.216867
0.2047419
0.2036768
0.2078412
0.2089433
0.1901393
0.2155692
0.2036115
0.2291886
0.2172522
0.1961943
0.2052371
0.224727
0.2081315
0.1930947
0.2069371
0.1963965
0.1982556
0.2305536
0.2512445
0.2354596
0.2197061
0.1855049
0.2079223
0.2197074
0.2162399
0.2289143
0.223922
0.2186008
0.2091353
0.1801963
0.1682334
0.2016985
0.235907
0.2396423
0.1872934
0.2051011
0.2004677
0.2055523
0.2423207
0.2517959
0.230267
0.2125213
0.2105287
0.219508
0.2411988
0.2316716
0.2375934
0.2200825
0.2080915
0.1836006
0.1943948
0.202814
0.1984344
0.2018996
0.195293
0.179205
0.1946159
0.1956317
0.1809546
0.1760408
0.1822019
0.1804389
0.1896004
0.20854
0.2053454
0.1950229
0.2023621
0.2211819
0.2186691
0.1904793
0.1904554
0.1764215
0.204046
0.1847061
0.1874759
0.1951905
0.1854902
0.1931709
0.1943612
0.2131943
0.2068024
0.2228562
0.2061478
0.1985912
0.1906443
0.195515
0.2069304
0.1980633
0.195846
0.2101462
0.2234021
0.1963537
0.1961349
0.1951202
0.20703
0.192961
0.2002915
0.1931024
0.1722136
0.1755772
0.1839889
0.1845795
0.1814933
0.1828913
0.2239541
0.2069851
0.2236592
0.2356104
0.2132957
0.1857285
0.1757504
0.1878815
0.2088739
0.2284576
0.2214589
0.2204287
0.2113808
0.2245913
0.2249427
0.2197349
0.2060515
0.2011364
0.2300257
0.2186438
0.2477823
0.2507929
0.2540405
0.2416938
0.2001652
0.1936423
0.2288684
0.221404
0.2228811
0.2177613
0.2184624
0.2285602
0.2394807
0.2087241
0.2150231
0.1909813
0.2072762
0.2110391
0.2233706
0.2238742
0.2300221
0.2361264
0.2428077
0.226198
0.2203695
0.2242693
0.2112181
0.2165617
0.2091463
0.2298976
0.2255748
0.2320538
0.202967
0.203135
0.2182223
0.2126271
0.2333021
0.2202118
0.2121922
0.2001536
0.2198208
0.2214933
0.2262657
0.2303586
0.2269245
0.2103754
0.2127482
0.1977025
0.2049982
0.1926574
0.1994474
0.1857986
0.1764762
0.1848746
0.1785889
0.1835095
0.1829004
0.2053977
0.1904822
0.1936333
0.1905548
0.2089873
0.2052645
0.196163
0.1991473
0.2200137
0.1904507
0.1867397
0.2172706
0.2100913
0.2182382
0.2254268
0.2286957
0.2511972
0.2086483
0.1805626
0.1993858
0.2186117
0.2158343
0.2279776
0.2163277
0.2101318
0.1957476
0.2032301
0.2122714
0.1987261
0.1812342
0.1776262
0.1725387
0.1921804
0.2163086
0.2441954
0.2539532
0.2325651
0.233196
0.2401333
0.253021
0.2617741
0.2556244
0.2572719
0.2413512
0.2436171
0.2374137
0.2064769
0.213787
0.1889182
0.1952163
0.1823921
0.2075049
0.206414
0.1993756
0.2100872
0.1981211
0.2270596
0.2263761
0.2140462
0.2147205
0.2296433
0.2161759
0.2287231
0.2286144
0.2033414
0.2134611
0.2119502
0.2256027
0.2149694
0.2493298
0.2489606
0.2551567
0.2541253
0.2337744
0.2395925
0.2293098
0.2288237
0.2276333
0.2355363
0.2367455
0.2542082
0.2496696
0.2428434
0.2280408
0.1961008
0.2096014
0.2312975
0.2182613
0.2123104
0.2152035
0.214551
0.2313766
0.2314479
0.2054965
0.2075387
0.2164441
0.2300342
0.2534144
0.2322683
0.2376364
0.2182823
0.2267082
0.215691
0.2037435
0.2307936
0.2280754
0.2254489
0.2258587
0.2250139
0.2491071
0.2489244
0.2350555
0.2313823
0.2125324
0.1997531
0.1903167
0.2146651
0.1898201
0.2010085
0.2112503
0.2386894
0.2261514
0.2194258
0.2351199
0.2485607
0.2242118
0.2388634
0.2428492
0.2544381
0.2617929
0.2645774
0.2580266
0.24632
0.239287
0.2383328
0.2041382
0.2102857
0.1833219
0.1814923
0.1870624
0.2038181
0.2068767
0.2533259
0.2725142
0.239961
0.2080488
0.2112139
0.2184611
0.2058284
0.1908523
0.181318
0.1781373
0.2101638
0.2021445
0.2281875
0.2241974
0.2088305
0.2254212
0.227973
0.2491349
0.2281059
0.2124843
0.2035829
0.2073434
0.1557808
0.1724391
0.1792067
0.1676229
0.1471947
0.1624111
0.1940746
0.1737325
0.179367
0.2106831
0.235845
0.21802
0.1933045
0.1824867
0.1799275
0.2048929
0.2126019
0.2133594
0.2108717
0.2167456
0.2032559
0.2133757
0.1934572
0.211203
0.1986252
0.2186693
0.227461
0.2180247
0.220242
0.2077487
0.195521
0.2162446
0.2431065
0.2545355
0.2241434
0.2449054
0.2290965
0.2428073
0.2481112
0.2429807
0.2478905
0.232256
0.2315298
0.2210006
0.2076407
0.2088103
0.2265742
0.257798
0.267931
0.2591297
0.2067756
0.1981808
0.2276973
0.2385483
0.2256717
0.2126119
0.2060623
0.2093305
0.178796
0.186638
0.1858289
0.1786458
0.1746519
0.1330632
0.1375848
0.1351294
0.1849315
0.1943992
0.1968095
0.1895908
0.1952602
0.2103817
0.2206248
0.2182244
0.206418
0.1785398
0.1692546
0.1937258
0.2154559
0.2287932
0.2278191
0.2216813
0.2056402
0.1985418
0.199455
0.2060253
0.1875202
0.1893272
0.18812
0.2087239
0.1962856
0.1984172
0.1953897
0.1966977
0.2016163
0.1924276
0.2133956
0.2020518
0.2043844
0.2078685
0.2132548
0.2171143
0.1899306
0.1990947
0.2271482
0.2233813
0.2366314
0.240549
0.2169254
0.2148554
0.210782
0.1987737
0.219713
0.2315311
0.2368034
0.2350586
0.2418523
0.2331653
0.2239956
0.2048645
0.2053332
0.1812995
0.2073574
0.2025369
0.2118658
0.2293227
0.2276594
0.2093621
0.2138782
0.2292002
0.2154106
0.2285933
0.2202596
0.200048
0.2058712
0.2173179
0.2058115
0.2078422
0.1957019
0.2172269
0.2368716
0.2358085
0.2205971
0.2016974
0.1931006
0.2041014
0.2251472
0.2270502
0.2340825
0.2343093
0.2417955
0.2357638
0.2414955
0.2274594
0.2041809
0.1993801
0.2172145
0.2240087
0.1948328
0.2044903
0.2169283
0.1996064
0.1846819
0.1859622
0.2049835
0.2031477
0.196332
0.2113286
0.2304295
0.2330422
0.2230645
0.2327125
0.1994521
0.2088492
0.2171833
0.2651109
0.2396925
0.203025
0.1837875
0.1772517
0.1674295
0.1523135
0.1650891
0.1701565
0.1812613
0.1915374
0.1963675
0.2070178
0.201757
0.2049042
0.2220054
0.2279228
0.2308276
0.2312397
0.2485491
0.2167537
0.1953281
0.2032334
0.2160314
0.2192159
0.213284
0.2011187
0.1834231
0.1787965
0.1871897
0.1904416
0.1937254
0.1971591
0.1942139
0.1911899
0.1951303
0.2016535
0.2503443
0.2570361
0.2477913
0.2296051
0.2375092
0.2301593
0.2187972
