0.3588946
0.3115414
0.3561024
0.38141
0.3677419
0.3425224
0.3391445
0.3039619
0.3448984
0.2942041
0.2788905
0.3158295
0.3344829
0.2407867
0.1929323
0.1950881
0.1571096
0.1804309
0.2895665
0.3006288
0.256019
0.2914952
0.2771671
0.3118512
0.2804163
0.3138822
0.3407403
0.2700447
0.3029255
0.2458873
0.2905114
0.3559465
0.3919528
0.3727824
0.3995557
0.3644507
0.3151284
0.3524753
0.3337998
0.2888905
0.2994543
0.2854868
0.3230629
0.3213583
0.323763
0.2700763
0.2788453
0.2507694
0.2118522
0.2654719
0.2645168
0.2849194
0.3602478
0.2638892
0.2721997
0.3023067
0.2857926
0.2453896
0.1845758
0.2469415
0.3232054
0.3712419
0.2961015
0.2738731
0.2151611
0.1888994
0.1545309
0.1607967
0.1746445
0.1421615
0.1847272
0.2018704
0.2033606
0.230245
0.279504
0.2817013
0.3226981
0.2829889
0.3070676
0.330784
0.3637337
0.3210647
0.3302453
0.3225448
0.2991322
0.3200224
0.3007267
0.300995
0.2925467
0.3114007
0.2497836
0.2841442
0.2911323
0.324742
0.2523504
0.3171605
0.3686385
0.4140601
0.4097361
0.3710797
0.3814312
0.386635
0.4278273
0.3713304
0.3664268
0.2884725
0.2714818
0.2475736
0.2780366
0.2621146
0.2118038
0.2864248
0.2800032
0.3032984
0.3167603
0.3046916
0.3250022
0.2815105
0.3260142
0.376033
0.3746251
0.3400249
0.3459025
0.3702177
0.3579971
0.3507725
0.3219064
0.2988694
0.3351163
0.3301755
0.3544076
0.3198172
0.2981497
0.3207973
0.2642012
0.3258437
0.3555056
0.3489642
0.2944152
0.2032798
0.1942685
0.164108
0.207349
0.1746055
0.1902581
0.2210906
0.235735
0.2316703
0.2730213
0.3301158
0.3252923
0.3628109
0.410361
0.3178134
0.2460601
0.2151992
0.2263068
0.1989482
0.2099824
0.3178626
0.3735012
0.3222202
0.2775425
0.3280807
0.3659849
0.4346537
0.4659177
0.4048561
0.4128353
0.2484161
0.2635683
0.272292
0.3256381
0.2742407
0.248111
0.2633663
0.2088139
0.1845154
0.2011746
0.2322687
0.2898004
0.2616842
0.2555146
0.2861866
0.3809053
0.3763043
0.4028596
0.3703496
0.334643
0.3811705
0.3063671
0.3053804
0.3963481
0.3699736
0.3147498
0.3367108
0.3307872
0.3122868
0.2445045
0.2483262
0.2488928
0.2424995
0.1984984
0.2224599
0.2506404
0.2647035
0.3078504
0.3690142
0.3981054
0.463283
0.3866542
0.3219303
0.2608211
0.260368
0.3250181
0.2856183
0.2917206
0.1961956
0.2356744
0.263823
0.2083859
0.2803286
0.2205778
0.2899422
0.2293101
0.2482177
0.2405922
0.2246944
0.2400599
0.2390369
0.3242069
0.2346089
0.2164227
0.1775891
0.2699136
0.2579139
0.1910646
0.1841302
0.2851612
0.2962778
0.2946548
0.349641
0.2867029
0.3077161
0.2942866
0.2299253
0.2503706
0.2218522
0.1845933
0.2037093
0.220294
0.1790716
0.2353163
0.2976606
0.282089
0.3019386
0.3744645
0.3674343
0.400186
0.303246
0.2020427
0.2159533
0.1979112
0.1896877
0.2355095
0.2291622
0.2496634
0.3139894
0.3153801
0.3695469
0.3984657
0.30108
0.2373171
0.2625823
0.2232662
0.2203737
0.2290082
0.3235917
0.3437971
0.3463537
0.3237146
0.2873068
0.2227696
0.3558602
0.3377974
0.354292
0.3815436
0.3673937
0.3215976
0.3203917
0.3547302
0.3447847
0.3166924
0.2719488
0.2816029
0.277647
0.3201507
0.3761487
0.3720667
0.3542701
0.3396578
0.322718
0.3544635
0.358003
0.3857145
0.3326214
0.3077627
0.296296
0.2886771
0.3340959
0.329704
0.262452
0.2897348
0.3027856
0.2794244
0.2880165
0.3128844
0.3160117
0.3757063
0.3994513
0.3750612
0.3876728
0.266028
0.2474106
0.2469133
0.2494134
0.2023785
0.2221628
0.2675322
0.2773437
0.2945334
0.270804
0.2885849
0.2861112
0.297315
0.3273773
0.3422613
0.3011818
0.2819799
0.3284421
0.2762041
0.2903084
0.2164006
0.2430714
0.2501942
0.2279381
0.2114936
0.2202407
0.2562758
0.2446801
0.2938303
0.3459029
0.3447988
0.3713209
0.3317923
0.3042739
0.3169604
0.3163378
0.3210967
0.309225
0.3108595
0.3069601
0.3108163
0.3177682
0.2639579
0.2812164
0.319979
0.3306185
0.3337901
0.3702913
0.3869481
0.3726671
0.3567141
0.345955
0.3298801
0.2893739
0.3365225
0.3554632
0.3531212
0.294019
0.2395835
0.2583528
0.2764268
0.342159
0.3690289
0.4053855
0.4078293
0.3700484
0.3558057
0.34597
0.3934002
0.3781704
0.3711736
0.3665777
0.3928869
0.3624312
0.3310847
0.2540836
0.2461468
0.2303721
0.2938546
0.3127014
0.3031561
0.278884
0.2780785
0.2891231
0.3282924
0.3245576
0.3198442
0.3389951
0.3431112
0.3189131
0.2750877
0.2276842
0.2252171
0.2099183
0.2003828
0.1725429
0.2433637
0.299448
0.3343041
0.2993323
0.2650408
0.2671004
0.2971632
0.1732551
0.1454636
0.1391892
0.1344435
0.2481668
0.2622887
0.3107458
0.2843227
0.3501289
0.3547211
0.3407261
0.3393938
0.3277416
0.3237376
0.3606522
0.3791175
0.3161288
0.321052
0.2691831
0.2551967
0.1834021
0.1959464
0.1638415
0.2131475
0.1925773
0.2711042
0.2550955
0.2004508
0.2152336
0.1987292
0.2166719
0.2592495
0.3027155
0.2931756
0.2576995
0.2454818
0.2990929
0.3065394
0.2848216
0.2667477
0.3030305
0.3428822
0.2857161
0.2642035
0.2896268
0.2656828
0.3113898
0.3687903
0.3671673
0.2262583
0.2128811
0.2105589
0.2695245
0.3807362
0.3548253
0.3257244
0.2968224
0.1941027
0.1933982
0.1898208
0.2318569
0.2152947
0.2552135
0.2975623
0.354545
0.343687
0.3222273
0.3613167
0.2937816
0.2020722
0.1838708
0.2496574
0.2412812
0.2219035
0.2608917
0.2657029
0.296312
0.292543
0.387707
0.3981062
0.3496773
0.3513215
0.390091
0.3875396
0.3017593
0.2603455
0.3118637
0.3051808
0.3281795
0.277262
0.235757
0.195032
0.1469856
0.163414
0.2768229
0.2449786
0.2139465
0.3171879
0.3439681
0.3948246
0.3855494
0.3371699
0.3001538
0.2460468
0.3047923
0.3021643
0.3196174
0.3707228
0.3390459
0.2547027
0.3614592
0.3162976
0.3271895
0.3530911
0.2334722
0.2032959
0.2658637
0.3118968
0.355442
0.2873153
0.3251062
0.2800243
0.2241022
0.2500424
0.2378978
0.1701885
0.2417613
0.2258573
0.2053068
0.1849476
0.2410007
0.2252919
0.2706898
0.2866226
0.2765648
0.3653982
0.3678397
0.3836367
0.4084661
0.3303848
0.2521835
0.2607653
0.2454567
0.2826662
0.3135391
0.332454
0.3751297
0.2958212
0.2907723
0.3325308
0.3913389
0.2818029
0.2257064
0.2627193
0.303983
0.2833459
0.2291495
0.1839874
0.2292933
0.2734453
0.2612019
0.2217926
0.1937148
0.2523726
0.2017216
0.318639
0.3543003
0.3011378
0.280421
0.222454
0.1950025
0.2199216
0.2493182
0.1811276
0.2191421
0.257812
0.2837712
0.2521315
0.2353435
0.2287086
0.2794722
0.3081127
0.312483
0.2957428
0.2953923
0.316137
0.3466184
0.3205622
0.2873415
0.3138542
0.2659712
0.2926146
0.2799213
0.3106445
0.2784543
0.2597509
0.2114736
0.2560557
0.2045657
0.2112407
0.2653916
0.1946128
0.238168
0.2604466
0.2197485
0.2483301
0.2609706
0.2578786
0.3149228
0.3174457
0.3230136
0.3295262
0.3190964
0.3330209
0.2808795
0.3341138
0.3027906
0.3014363
0.296437
0.3249057
0.3096924
0.3876535
0.3373161
0.338163
0.3619995
0.3419591
0.3461509
0.315163
0.2631294
0.2844724
0.2329524
0.1609196
0.1604266
0.1707262
0.2107471
0.2698888
0.2706735
0.297645
0.3341069
0.3510209
0.3017647
0.2731253
0.3245384
0.3509963
0.3557067
0.3249961
0.2929007
0.2805416
0.3811731
0.3837363
0.390875
0.3562077
0.3590539
0.3538457
0.3561152
0.3397929
0.3415443
0.3518569
0.3304403
0.2218862
0.2399076
0.2410471
0.2681068
0.2209179
0.2024276
0.2165643
0.2933709
0.3058529
0.3482677
0.3379328
0.3324345
0.3327621
0.2819392
0.2699991
0.2688828
0.2168013
0.272645
0.3270301
0.2777678
0.3107593
0.277078
0.2395626
0.2885345
0.3091
0.2918577
0.3439008
0.3074863
0.2738953
0.2618902
0.2543804
0.2406963
0.2923135
0.3212461
0.3304758
0.3388097
0.2936872
0.3203704
0.3248074
0.3291736
0.3219835
0.3001387
0.2837497
0.2670983
0.3183926
0.337432
0.3900587
0.3923587
0.399183
0.3611898
0.3108402
0.3229425
0.3554474
0.3979201
0.3612623
0.381849
0.3039042
0.2746078
0.3181224
0.326664
0.3378777
0.3154781
0.3995615
0.4066331
0.4231089
0.4323996
0.4140569
0.4126648
0.3247862
0.3207577
0.3153668
0.3698917
0.3588714
0.3631087
0.3607096
0.3037798
0.2546633
0.2515106
0.2776609
0.2774154
0.275746
0.2737687
0.3146724
0.3658369
0.3368538
0.3256768
0.3179747
0.3026035
0.2707943
0.2566093
0.25831
0.2624833
0.1832275
0.2334141
0.2595852
0.3291051
0.3050969
0.3170126
0.2775606
0.3246425
0.3892355
0.4071931
0.4191032
0.3377426
0.3919209
0.392153
0.3665342
0.3340874
0.2688751
0.2361492
0.2780249
0.3131632
0.2556186
0.2262376
0.2107103
0.1563726
0.1736434
0.1574156
0.1890274
0.267802
0.3175627
0.2846038
0.3505566
0.3569268
0.3378683
0.3811272
0.385836
0.375688
0.3311592
0.343674
0.3315773
0.3406315
0.3618953
0.3178591
0.3620251
0.3323339
0.3021472
0.2659475
0.3264212
0.3479963
0.3152785
0.3427511
0.3262574
0.3438977
0.3403292
0.3116731
0.2686646
0.2221543
0.3127406
0.3072718
0.3002647
0.2796278
0.3035502
0.3003014
0.2532632
0.3209844
0.3572721
0.3559547
0.2929034
0.227656
0.2307667
0.2354905
0.2637227
0.2801981
0.2322674
0.2360626
0.2262394
0.2827758
0.2746133
0.2980447
0.3579671
0.3191097
0.3892471
0.322071
0.30843
0.2708095
0.3104228
0.3370479
0.3844234
0.4105819
0.3889569
0.3976236
0.3062033
0.2396365
0.2829658
0.2611925
0.283585
0.2844058
0.2338959
0.2711787
0.2606588
0.2474245
0.2534928
0.2915421
0.3198213
0.3264297
0.3176594
0.3412856
0.2792995
0.3648
0.3225083
0.2927641
0.2349037
0.2419166
0.28456
0.3130806
0.3915887
0.3920659
0.3453991
0.343907
0.3460601
0.310021
0.33275
0.327559
0.3058352
0.2690342
0.2748404
0.2718114
0.2896648
0.3158619
0.3209274
0.2929891
0.3557427
0.3751435
0.3888793
0.4078692
0.4610276
0.3848464
0.4150458
0.4115296
0.3593752
0.3661746
0.3893195
0.3316394
0.3280163
0.3367606
0.3563047
0.3613635
0.3831742
0.3272222
0.3084022
0.2985456
0.3015166
0.2608417
0.2975159
0.3184902
0.277095
0.2599874
0.3072231
0.2994188
0.2736627
0.2757362
0.2511014
0.2975669
0.2657398
0.2069516
0.2416084
0.2586516
0.2565568
0.2938285
0.2799537
0.2581961
0.3021931
0.2978991
0.3103315
0.2890548
0.3111098
0.3078013
0.2898697
0.2957773
0.2328062
0.2273319
0.2621207
0.2971542
0.3423535
0.3302608
0.361095
0.3288312
0.3211194
0.277469
0.2576866
0.2181197
0.234966
0.2207397
0.2120828
0.245696
0.2588439
0.2156634
0.2533849
0.2704619
0.2838639
0.2631657
0.240382
0.242417
0.2588488
0.3011559
0.3316572
0.2966897
0.2782533
0.3001332
0.2917722
0.2194844
0.2290664
0.2181983
0.2235174
0.1668542
0.1986269
0.1917685
0.1710519
0.1782541
0.1813808
0.231296
0.2707104
0.3187173
0.2670154
0.2591385
0.2390194
0.2073256
0.2104608
0.2431247
0.324013
0.3429884
0.3600299
0.3008144
0.3300004
0.3112511
0.40174
0.3958185
0.3792605
0.3388443
0.3053679
0.3338987
0.3630101
0.4212067
0.3944683
0.3685882
0.3337913
0.2718685
0.2507697
0.3568335
0.4039535
0.4078022
0.4335265
0.3992748
0.4274023
0.4020543
0.3895938
0.3468599
0.2996258
0.3714281
0.3581161
0.2980576
0.3386764
0.279195
0.2908378
0.2604167
0.2460925
0.2225108
0.2347487
0.237025
0.2458639
0.2432255
0.2954703
0.3008242
0.3005971
0.3093673
0.2962342
0.3303256
0.3557272
0.3822038
0.2863254
0.2676149
0.3196377
0.3305631
0.2950557
0.268476
0.2889368
0.3506954
0.3990111
0.3753089
0.3958814
0.3844226
0.3734222
0.3672541
0.3723152
0.4112687
0.3528841
0.2839176
0.2632063
0.2572523
0.2667925
0.299821
0.2880614
0.2907345
0.3084433
0.3526352
0.34473
0.3572722
0.3730627
0.3290122
0.3034429
0.3107397
0.301697
0.278719
0.2737297
0.2916181
0.2896972
0.305408
0.298914
0.2483221
0.2242052
0.2662561
0.3191656
0.3397055
0.2930528
0.343827
0.3259003
0.333605
0.3503174
0.3616371
0.3378978
0.3764912
0.4285876
0.4051379
0.3656937
0.3387551
0.3656653
0.3309509
0.2864965
0.2769444
0.4005532
0.3544588
0.3144772
0.3152951
0.3590314
0.320356
0.3199393
0.2928234
0.225195
0.2670737
0.2986456
0.2783711
0.3051239
0.3499716
0.4056287
0.3104349
0.2932371
0.3082191
0.3206382
0.2955654
0.2325989
0.2490501
0.2920352
0.2492423
0.2313894
0.2078233
0.2396751
0.2099766
0.2473323
0.2757887
0.2796626
0.2557438
0.2794879
0.2256964
0.2872974
0.3225324
0.3559334
0.3182274
0.2836999
0.2694985
0.2389973
0.3410113
0.2627142
0.2413702
0.2550663
0.2082171
0.1737207
0.2386372
0.25679
0.2827721
0.3512196
0.3202279
0.352034
0.3715824
0.2818456
0.2683864
0.2574821
0.2381556
0.1927405
0.2526904
0.2377775
0.1998381
0.2487216
0.2732494
0.2711694
0.2844087
0.2482205
0.2593063
0.2401636
0.2677212
0.2731602
0.3103041
0.320028
0.3660841
0.2631672
0.2457432
0.2708809
0.3273532
0.3240112
0.2626514
0.3117176
0.3598893
0.375616
0.3454107
0.3279512
0.3075194
0.2968559
0.2684916
0.2413785
0.2335032
0.2819788
0.2634797
0.3233193
0.3139113
0.2829169
0.3032962
0.2834091
0.2883967
0.2924335
0.2626917
0.2845053
0.3526236
0.3358307
0.3267376
0.2686773
0.2766585
0.2974112
0.2837326
0.2640298
0.2797018
0.3401999
0.3596411
0.3477134
0.3146552
0.3474393
0.3031884
0.2999185
0.3172255
0.3623271
0.3347178
0.241305
0.1459657
0.103253
0.1895759
0.2590644
0.324348
0.3188228
0.2680572
0.2954931
0.2669782
0.2386694
0.3467579
0.3413231
0.3896095
0.3727353
0.3495271
0.3187903
0.299283
0.3004644
0.3130339
0.2188475
0.2461017
0.2962982
0.2927805
0.3222401
0.2621245
0.3008256
0.294401
0.2752133
0.3212616
0.3089229
0.286426
0.3101141
0.2634954
0.2993913
0.2328655
0.2296631
0.1893034
0.2369362
0.2041935
0.2886195
0.2471021
0.2133376
0.2809154
0.3081757
0.3436525
0.2670032
0.296659
0.2853624
0.2624369
0.3231556
0.3124315
0.3273072
0.3441743
0.3051832
0.2794563
0.3558569
0.3436716
0.3909767
0.3808456
0.3686558
0.3238309
0.3194613
0.2967908
0.3269961
0.3320768
0.289745
0.3101333
0.201647
0.2399947
0.2159997
0.301872
0.3428284
0.3472303
0.3165472
0.360027
0.2786998
0.2871481
0.2824437
0.3065946
0.2673019
0.2259324
0.1891405
0.2724638
0.2773357
0.3348477
0.3412616
0.3311895
0.2543819
0.2315065
0.2479297
0.2557615
0.2692186
0.2329681
0.3084238
0.3284272
0.259099
0.2862632
0.297012
0.3521338
0.3856956
0.3963808
0.3977781
0.4034503
0.3895409
0.4065834
0.3965955
0.3841728
0.3482661
0.3943853
0.3827272
0.2499933
0.2739975
0.2605307
0.2372037
0.2471274
0.3126491
0.3792844
0.3815706
0.3574151
0.3126615
0.3197256
0.3243876
0.2612335
0.260185
0.3069699
0.3083458
0.2716317
0.253014
0.2852002
0.3330359
0.3010889
0.3104645
0.356731
0.3390622
0.2755143
0.2598089
0.3050058
0.2627995
0.2685178
0.261419
0.2365155
0.2728827
0.3337205
0.3028084
0.229102
0.228182
0.1392318
0.1392286
0.1975597
0.2597806
0.2790534
0.2539452
0.2406158
0.1993692
0.2098053
0.2291793
0.2845783
0.3549895
0.3087911
0.3269186
0.3062007
0.3154211
0.3232375
0.2955727
0.2281828
0.1490512
0.1351713
0.1095805
0.1387947
0.1812076
0.2530282
0.2769059
0.2292525
0.1664508
0.2232454
0.2585941
0.2494505
0.2192028
0.3071459
0.2666673
0.2077927
0.2268202
0.2781431
0.3381173
0.3172936
0.3254913
0.3328239
0.3224828
0.3235354
0.2977495
0.283729
0.2738108
0.2418933
0.2862639
0.3326807
0.2870483
0.2898793
0.2947218
0.2983012
0.2550923
0.2940583
0.252724
0.1716346
0.2097301
0.2364968
0.24822
0.2492468
0.2510154
0.2135042
0.1871749
0.2012
0.2123297
0.2016701
0.2644543
0.2544269
0.1846337
0.2052712
0.2891282
0.3164302
0.2516018
0.2365333
0.2936022
0.3312828
0.3740964
0.3682441
0.2945546
0.2636486
0.2403583
0.3286113
0.4029853
0.3977255
0.3435323
0.3153654
0.29176
0.3104413
0.3384848
0.3586764
0.3432587
0.3664663
0.4155026
0.3805472
0.3670933
0.3224803
0.3026577
0.3083966
0.3102824
0.2981355
0.2849539
0.2309753
0.2369734
0.2040026
0.2456289
0.1972435
0.2189386
0.2068255
0.2584584
0.2292843
0.2628316
0.2812607
0.31147
0.3444142
0.391357
0.4206195
0.3747493
0.4063073
0.4130834
0.3959503
0.3447267
0.2836279
0.2560361
0.2832455
0.2779672
0.2437771
0.2848037
0.276138
0.3011728
0.3335613
0.3472211
0.2637924
0.2513423
0.2396601
0.2311448
0.2228502
0.233613
0.2615706
0.2388005
0.2959856
0.2890324
0.3363621
0.3750408
0.3263585
0.3207383
0.3480291
0.3079136
0.2892005
0.2914186
0.3238644
0.3195209
0.2761888
0.2624081
0.2810745
0.2705854
0.2770327
0.2679905
0.3404602
0.3320125
0.3017225
0.2633004
0.2952252
0.3480074
0.3602085
0.3152343
0.2635829
0.3308306
0.355815
0.3534687
0.3923718
0.4080849
0.404393
0.3474617
0.3262431
0.3210493
0.3592753
0.357106
0.4004081
0.385327
0.3519708
0.3095551
0.2866997
0.3100715
0.2674926
0.1893322
0.1924534
0.1948863
0.2150726
0.2450304
0.1867142
0.1730975
0.1791727
0.2428904
0.1774771
0.2346027
0.2586143
0.3263744
0.2846584
0.2713447
0.2663385
0.2920075
0.3407415
0.4371511
0.5039842
0.4324213
0.420384
0.3834444
0.3464656
0.38094
0.4102856
0.4171563
0.3108434
0.3238332
0.3397247
0.3370648
0.3725855
0.3668753
0.3784465
0.3571039
0.3478214
0.3515222
0.3960398
0.4002187
0.3837688
0.4115205
0.3842158
0.3519825
0.3393763
0.2935906
0.2618164
0.2611477
0.2779482
0.2858709
0.3203066
0.3162648
0.3577055
0.3091797
0.3599153
0.368449
0.3473942
0.3989211
0.3295309
0.3443272
0.3312651
0.3553586
0.3429059
0.32801
0.3628404
0.3526756
0.3711828
0.4265704
0.3791694
0.3617862
0.3401631
0.3812354
0.3605501
0.3370835
0.3342864
0.3801338
0.3779482
0.4118678
0.3973196
0.3774668
0.4071544
0.3870499
0.3252105
0.3041444
0.2658105
0.2164807
0.2043795
0.2072945
0.2338159
0.2899336
0.2591585
0.3030049
0.2947009
0.3282747
0.3105458
0.3117549
0.2842242
0.3200757
0.3274001
0.3173123
0.3273164
0.3172159
0.3490191
0.3324819
0.351035
0.3045713
0.2932705
0.3030369
0.2824769
0.2884542
0.292304
0.2820545
0.2857681
0.3341031
0.3699309
0.3706819
0.3805831
0.3603813
0.3146387
0.2337545
0.2122856
0.2059457
0.1612638
0.1996264
0.1809337
0.2230088
0.2214968
0.2319487
0.1482272
0.1618084
0.1516346
0.1948348
0.2982858
0.3004509
0.2756696
0.2900144
0.3267946
0.3206266
0.4074308
0.3284194
0.2807554
0.2725267
0.2527846
0.246942
0.2161615
0.2799676
0.2139734
0.1973295
0.2525624
0.2481283
0.2586586
0.2389583
0.2322837
0.2360461
0.2832434
0.3203327
0.3716029
0.4024188
0.338513
0.2982048
0.3102855
0.3465331
0.3515159
0.3457184
0.327073
0.3383831
0.2826836
0.2632328
0.2931354
0.2523126
0.2562294
0.2972384
0.2672019
0.2652967
0.2323565
0.2330725
0.2414907
0.2484622
0.2774594
0.2294499
0.2268306
0.1940843
0.2135765
0.1883895
0.2029609
0.2416725
0.2885267
0.2564266
0.228676
0.2471779
0.2581811
0.2704679
0.3129339
0.2913565
0.2632412
0.2767527
0.2806665
0.3009319
0.33356
0.3303076
0.2953433
0.2743251
0.2503457
0.2760019
0.3312827
0.3458666
0.3167426
0.299451
0.3129379
0.3220035
0.3641413
0.3692746
0.3971097
0.3539093
0.3014065
0.2934398
0.285848
0.2674682
0.2501696
0.2640061
0.2544865
0.3232517
0.2979538
0.3199634
0.2573909
0.2717385
0.2616873
0.2406443
0.2247364
0.2454078
0.244962
0.200417
0.3147222
0.3593412
0.2908588
0.3107218
0.2719072
0.2651448
0.3041922
0.295766
0.2479985
0.2611156
0.2433897
0.268051
0.2471267
0.1685755
0.1874573
0.1736603
0.2054805
0.1899429
0.1881506
0.2128356
0.2439751
0.2850058
0.3228803
0.2719832
0.2666434
0.2196409
0.2894344
0.2502934
0.3126763
0.3011657
0.294745
0.3763067
0.3624303
0.3279954
0.3103956
0.239803
0.2108862
0.2455547
0.2985272
0.2584931
0.2660888
0.2577967
0.2676255
0.2305086
0.2140221
0.2854699
0.2817186
0.2653335
0.2257276
0.2904124
0.2868487
0.3560846
0.2963413
0.3139636
0.3161096
0.2766813
0.3059632
0.3179572
0.276172
0.242106
0.2525092
0.3661279
0.3774197
0.3517425
0.2750344
0.2379793
0.2293766
0.2345557
0.2506565
0.2736962
0.2686667
0.2847865
0.2660939
0.2598368
0.1730578
0.211404
0.2050146
0.2272278
0.2490645
0.276463
0.3326673
0.3219235
0.2997056
0.325389
0.2846583
0.3000746
0.3068864
0.3014908
0.286971
0.3072329
0.3179424
0.316173
0.3045957
0.3169808
0.3525224
0.3705129
0.2753151
0.297181
0.322839
0.3423753
0.3327209
0.3598249
0.3166235
0.2796356
0.2818634
0.2796198
0.3233103
0.3653726
0.314368
0.3642727
0.3634167
0.4177004
0.4278804
0.3905044
0.3518092
0.3343253
0.2550749
0.2500577
0.2884229
0.3076476
0.3119248
0.2968143
0.2578009
0.1568377
0.2324067
0.2931197
0.2892208
0.275148
0.287441
0.2438295
0.2183976
0.2400329
0.2102536
0.1912312
0.2020376
0.2283461
0.2059541
0.2301033
0.2621353
0.2619985
0.2314919
0.1955812
0.2838553
0.2831067
0.2649186
0.2748411
0.293199
0.1882089
0.1749076
0.1821649
0.1983409
0.2476203
0.2313105
0.2018599
0.3245315
0.3320532
0.2426059
0.2118394
0.2368725
0.2961145
0.2882393
0.3255494
0.3077283
0.2427336
0.2003941
0.2003548
0.2404192
0.2604256
0.2999663
0.2937785
0.2903088
0.2055057
0.1725678
0.1729748
0.1973469
0.2766542
0.3444269
0.3403874
0.3010655
0.3241082
0.2999812
0.3164463
0.2703671
0.2374691
0.2614712
0.2652099
0.2452139
0.1622099
0.1941943
0.2229084
0.2871659
0.2802429
0.2686146
0.2558944
0.2504879
0.2545265
0.2792192
0.3024117
0.3373435
0.2945532
0.3395962
0.3065742
0.2741244
0.3351006
0.3477543
0.3696084
0.3469357
0.3420733
0.3764566
0.3399306
0.2669304
0.201494
0.2400928
0.2670442
0.2444523
0.3035124
0.3491249
0.3710727
0.3355855
0.2880022
0.3014865
0.2737603
0.2659158
0.2339252
0.2524135
0.2955376
0.2964232
0.3616004
0.382526
0.3495712
0.3266614
0.3458941
0.3418539
0.2702494
0.2081285
0.1849452
0.2065812
0.2092614
0.221316
0.2558404
0.3146975
0.3638043
0.3304134
0.3374121
0.3887904
0.3846067
0.3545296
0.3100387
0.2696194
0.3154671
0.2860153
0.3204432
0.3126887
0.3709854
0.3475956
0.3756451
0.3233173
0.333216
0.3519377
0.3827327
0.3096285
0.2593873
0.1950309
0.1576717
0.2403875
0.2494417
0.2649874
0.3082758
0.3006515
0.2603697
0.2440121
0.266115
0.2750815
0.199742
0.1933035
0.1865683
0.1784113
0.1361463
0.1807472
0.2170413
0.2417203
0.2904248
0.3372352
0.3104773
0.3047639
0.3322817
0.281201
0.3329405
0.3205452
0.3087458
0.2703168
0.2927093
0.3496904
0.3424245
0.3542878
0.3243364
0.3354843
0.2702939
0.2914907
0.2964593
0.3034081
0.2779842
0.287425
0.3132153
0.3555598
0.4323246
0.4309116
0.4039095
0.3928837
0.4106115
0.4124822
0.3989369
0.3868448
0.3449416
0.2863891
0.2837405
0.289999
0.2017979
0.200438
0.2172402
0.2101636
0.2350956
0.2398319
0.2651633
0.2759661
0.2708002
0.2937316
0.2324802
0.2789598
0.3138197
0.272933
0.337387
0.3850471
0.2780211
0.3661394
0.2775237
0.2432774
0.2524875
0.2759706
0.2573003
0.3211388
0.309037
0.3232777
0.308179
0.2655921
0.2520502
0.2564349
0.3126081
0.3337929
0.2977806
0.247894
0.2064512
0.1861543
0.2271929
0.2224362
0.1804811
0.2115943
0.2437295
0.269274
0.2682499
0.2719814
0.2447919
0.247501
0.2814286
0.2990897
0.2810652
0.2831201
0.3045348
0.2913061
0.3231609
0.2996932
0.2216522
0.3067961
0.2573062
0.2965824
0.3557618
0.2967629
0.2178992
0.2219762
0.2547294
0.3363177
0.2847515
0.3520364
0.3937766
0.3386747
0.34585
0.3467214
0.355926
0.3999523
0.3797857
0.2854783
0.2381429
0.2686781
0.2566264
0.2311182
0.2314764
0.1885824
0.2493549
0.2456127
0.2492842
0.2106596
0.1848366
0.1511197
0.1745913
0.2055762
0.2308941
0.246176
0.2391083
0.2300809
0.2531349
0.2431512
0.1764679
0.2023915
0.2539305
0.3026506
0.3401751
0.3025699
0.2888435
0.2960803
0.3487813
0.3319923
0.3231625
0.275728
0.2406636
0.2283571
0.2547243
0.260795
0.2824579
0.3490133
0.3450969
0.3549141
0.3791809
0.3950246
0.3612665
0.3740913
0.382065
0.3336855
0.2983159
0.295683
0.3092358
0.3172318
0.3563253
0.3191188
0.2925376
0.2630856
0.1844752
0.2224011
0.2196377
0.1958603
0.1947279
0.2407375
0.166188
0.1978358
0.2234525
0.3021568
0.3663856
0.4361599
0.4545829
0.4580354
0.3742136
0.4541678
0.3846674
0.3643208
0.3658345
0.3440015
0.36859
0.3481058
0.3185834
0.4329203
0.4462757
0.4575323
0.4166127
0.3435464
0.3523576
0.340336
0.3667538
0.3560552
0.361357
0.3394956
0.2986596
0.360166
0.3133712
0.3032009
0.2924445
0.2850794
0.306387
0.3250543
0.3316
0.3221215
0.3219863
0.3105812
0.2605532
0.3004221
0.2640789
0.3048754
0.2549805
0.2437062
0.2305146
0.2567027
0.3076432
0.30651
0.304009
0.3190693
0.2864969
0.3080669
0.3334256
0.3060258
0.255263
0.2287768
0.2547334
0.2114863
0.2347125
0.2347136
0.2353452
0.2459143
0.2654768
0.2778728
0.2792385
0.2515486
0.2393026
0.2883011
0.315505
0.3484212
0.2950444
0.2995808
0.3239611
0.3167543
0.3265531
0.3068465
0.278967
0.2593289
0.2452057
0.2247773
0.2873068
0.2963531
0.329434
0.397365
0.4416736
0.3897972
0.4254471
0.3950158
0.3433521
0.2650976
0.3647402
0.3602205
0.2649327
0.2658375
0.2762166
0.3754597
0.3101927
0.3382656
0.405168
0.3222169
0.2889602
0.3202632
0.2774123
0.2361252
0.2290017
0.1574622
0.1916761
0.1564094
0.1604129
0.1659857
0.1690429
0.2245105
0.2625737
0.2835903
0.2911553
0.3144352
0.2849033
0.2532949
0.2106496
0.2413768
0.2290802
0.2162534
0.2255654
0.1524222
0.1823081
0.1629006
0.2007133
0.2713956
0.2615657
0.2769287
0.2297601
0.2274404
0.1982156
0.1988662
0.2496035
0.2639265
0.2883798
0.3625749
0.4142804
0.35541
0.3415761
0.2665472
0.2342542
0.2477095
0.2941147
0.2574808
0.2565852
0.2333427
0.1789996
0.1737972
0.1560675
0.2168907
0.1847356
0.1753642
0.2208467
0.2366649
0.2987663
0.2884024
0.2788008
0.3154913
0.3533412
0.4141463
0.4174321
0.4109016
0.3483233
0.3914692
0.3708526
0.3661223
0.3482896
0.2958366
0.3000007
0.3258164
0.3436455
0.308814
0.2456972
0.2573969
0.2737674
0.2877487
0.2999138
0.3056777
0.2504947
0.2598567
0.2783631
0.301777
0.2638038
0.2459714
0.2568265
0.2503634
0.4110126
0.3955604
0.3548204
0.3548563
0.306543
0.3065822
0.3078922
0.231713
0.2549376
0.3029027
0.3333151
0.3373362
0.2935806
0.2887869
0.2962549
0.285206
0.2513584
0.2735254
0.2813129
0.2840685
0.2987334
0.355792
0.3723447
0.3323586
0.3280859
0.3923519
0.3717321
0.3747097
0.4046767
0.4378806
0.3901742
0.3199942
0.3509029
0.3768506
0.3195889
0.2622474
0.1566049
0.1228868
0.2048693
0.2938065
0.3259312
0.3734062
0.3885557
0.282032
0.3133476
0.3524083
0.348573
0.3310133
0.334385
0.3397433
0.3324063
0.2842472
0.2501389
0.255261
0.2458099
0.2798999
0.2948017
0.2598407
0.3293995
0.3112896
0.2494021
0.2625752
0.2930428
0.3220428
0.2418793
0.2613901
0.2566653
0.2878483
0.3433697
0.3084608
0.2903167
0.343027
0.327417
0.2376359
0.2598364
0.2298572
0.2107647
0.2349516
0.217723
0.2616427
0.2354514
0.2597789
0.2955104
0.2300905
0.1942422
0.2146395
0.2152452
0.2604459
0.3091468
0.3131999
0.362844
0.3236143
0.3406493
0.2742502
0.2827244
0.3076762
0.3222604
0.3015968
0.3220681
0.3299551
0.2969209
0.2937376
0.343764
0.3200309
0.4064643
0.4176414
0.3113854
0.3803968
0.336923
0.3163053
0.2912717
0.3016547
0.236624
0.2639425
0.3277373
0.2771674
0.3110596
0.2604971
0.296134
0.3365035
0.3536909
0.3316485
0.2812229
0.2832267
0.1743684
0.1302598
0.1118633
0.2366013
0.2699956
0.2676485
0.2938922
0.3370291
0.4002446
0.3539709
0.3295038
0.3565847
0.3451478
0.2914644
0.2484404
0.2452331
0.2843783
0.2639632
0.1985208
0.1974934
0.2405276
0.3091965
0.2807352
0.300299
0.2480967
0.2597399
0.3533116
0.2751151
0.2484975
0.1807513
0.218172
0.2005096
0.267031
0.2485878
0.2235464
0.1864942
0.2225501
0.1404661
0.1776222
0.226788
0.2684393
0.33231
0.2885339
0.2472462
0.1972308
0.206362
0.2518869
0.2927536
0.3190688
0.2928123
0.3409671
0.3430704
0.402275
0.3107767
0.2052853
0.2330492
0.2667903
0.2696055
0.282743
0.2547064
0.2456245
0.2911807
0.2778874
0.3011311
0.3513741
0.2746158
0.2798229
0.2420603
0.2817507
0.322289
0.3628933
0.34818
0.2226509
0.324492
0.338276
0.2964376
0.2583997
0.2673062
0.2845707
0.2635961
0.3195309
0.2970005
0.3043354
0.2249655
0.2807211
0.2977095
0.2960749
0.2963515
0.2125396
0.2714784
0.2573506
0.2318527
0.2924599
0.2737618
0.3233889
0.2786422
0.3190039
0.392599
0.3510256
0.3214622
0.3101696
0.2388049
0.237878
0.2599339
0.2535065
0.1622083
0.1780576
0.1480877
0.156534
0.1772529
0.2373332
0.2296295
0.2242884
0.2036504
0.2342449
0.2566179
0.344859
0.2774195
0.314518
0.2180671
0.2593028
0.2749054
0.2567654
0.3026267
0.2112232
0.1622188
0.2204808
0.18343
0.236772
0.2956541
0.366722
0.2782808
0.3205828
0.3303762
0.4012284
0.3657237
0.3794425
0.2897436
0.2273551
0.2692554
0.2376378
0.2942207
0.2907619
0.2894416
0.2334669
0.2528623
0.2683625
0.2596642
0.1601033
0.153741
0.152781
0.121566
0.1770278
0.1839113
0.2413005
0.1741236
0.125784
0.1392966
0.2044382
0.3141425
0.3593514
0.369741
0.3764731
0.2815034
0.3064263
0.3246651
0.2889512
0.2574839
0.2346406
0.2974284
0.2707493
0.2742499
0.2523492
0.3088795
0.3725236
0.3732209
0.3783411
0.4190183
0.4087285
0.3570747
0.3854026
0.3883561
0.3599163
0.3463613
0.3630455
0.3262289
0.3345157
0.3060293
0.3431807
0.4045861
0.3797369
0.3655899
0.3104306
0.2706893
0.2758998
0.3087562
0.3308165
0.3123717
0.3125335
0.3329388
0.3529788
0.3423536
0.2839365
0.3202738
0.2337729
0.2517591
0.2355367
0.2956762
0.3024578
0.3558413
0.3636936
0.3651013
0.3679891
0.356215
0.3450487
0.3376318
0.3511769
0.373065
0.3220111
0.3184305
0.3537761
0.3064437
0.2904829
0.2909897
0.2582934
0.2575569
0.2750587
0.2564435
0.2889444
0.2895703
0.3227594
0.3115138
0.2912341
0.2519035
0.2449512
0.3428082
0.3220308
0.3880253
0.3483715
0.3609413
0.3477298
0.358534
0.3595029
0.3487113
0.2590508
0.3087544
0.3144079
0.2528413
0.2073072
0.2085551
0.2390851
0.2877653
0.2900864
0.2854116
0.3331511
0.3245119
0.3969578
0.3577381
0.3425995
0.2812204
0.2368576
0.2082064
0.2449487
0.2235054
0.2296714
0.2448887
0.203793
0.2373889
0.26136
0.2643143
0.2881893
0.3117194
0.3946981
0.3638808
0.3503726
0.3955899
0.3767931
0.3270606
0.3218637
0.3076012
0.271928
0.2861154
0.3308865
0.275553
0.2274201
0.2674349
0.2253129
0.1563966
0.2579023
0.2750343
0.3082545
0.3089337
0.2863007
0.2822458
0.3646511
0.3481134
0.3297128
0.3091113
0.2500398
0.2663424
0.2927767
0.3323201
0.2968781
0.3204311
0.3197549
0.3368042
0.3688158
0.333206
0.3528535
0.370365
0.3683875
0.3303503
0.3370244
0.2745208
0.2933466
0.2892433
0.3219501
0.2606631
0.2129275
0.1771871
0.2170613
0.1738629
0.2540964
0.2106342
0.1788916
0.2303137
0.2580896
0.2367298
0.3141456
0.2672816
0.3208913
0.2235027
0.2484553
0.2786253
0.2924711
0.294417
0.2382475
0.2470135
0.2535158
0.2840339
0.3615423
0.3949985
0.4055638
0.4448099
0.4314387
0.3041512
0.2117058
0.2526117
0.2031572
0.1574778
0.1990074
0.2650058
0.2365861
0.2330576
0.3029929
0.3345859
0.3279271
0.2594536
0.1903248
0.2936515
0.2704682
0.2762819
0.2856441
0.3182532
0.3624776
0.3609717
0.3302548
0.3281387
0.3488163
0.3796677
0.3403016
0.3258449
0.3215578
0.3147776
0.3196348
0.2631704
0.2520517
0.3229639
0.3068605
0.2854791
0.2853182
0.264248
0.3107784
0.3263549
0.3485199
0.3146415
0.3832327
0.3383901
0.3868713
0.380604
0.3294574
0.3759626
0.3688467
0.3704486
0.3353954
0.3655451
0.3216965
0.2959439
0.2213118
0.2655506
0.4002165
0.3755088
0.3027416
0.2482758
0.253785
0.2750976
0.2646566
0.2740248
0.2484789
0.2124341
0.2045702
0.2387573
0.2230574
0.2104846
0.2242937
0.1845876
0.1856182
0.2636245
0.3069068
0.3133055
0.2829494
0.2424328
0.296678
0.3159296
0.3062199
0.3647937
0.3490208
0.3466893
0.2809234
0.2411641
0.2885039
0.2464716
0.312843
0.2388079
0.2560602
0.2072556
0.2551931
0.3020084
0.2721509
0.2938477
0.2659865
0.1881167
0.2516629
0.2847689
0.2870081
0.150906
0.1654121
0.2155371
0.2132425
0.2184249
0.2908581
0.2604145
0.2655858
0.3054229
0.3114063
0.3169408
0.2955815
0.2728237
0.1915045
0.2483652
0.2896755
0.2957813
0.344698
0.3601123
0.4102831
0.4221934
0.4163003
0.4077262
0.3527674
0.3494976
0.3547908
0.3189872
0.2828914
0.3065026
0.3285131
0.2720423
0.2664836
0.2828691
0.2417726
0.229495
0.2436584
0.3093606
0.2915161
0.3243888
0.2900682
0.3290542
0.3306322
0.3068706
0.3345705
0.3155745
0.304454
0.3335808
0.3189441
0.2964567
0.2924462
0.31836
0.3039508
0.3094906
0.2708078
0.2311862
0.2071864
0.2164109
0.2537949
0.2494967
0.2628059
0.2902919
0.2626053
0.268815
0.2981661
0.3188716
0.3385716
0.3926901
0.3270986
0.3056411
0.3071402
0.3558785
0.3897654
0.3848891
0.2929899
0.2515326
0.297893
0.2963272
0.3185682
0.2594938
0.2765368
0.3311919
0.2996807
0.4115026
0.4657782
0.3567047
0.3899559
0.3212362
0.3611963
0.347473
0.3149237
0.2953685
0.1873825
0.1863248
0.2006324
0.256613
0.3708983
0.3869622
0.3484948
0.2697978
0.2246451
0.2733522
0.235435
0.220078
0.2676058
0.2419077
0.1839853
0.1989988
0.2476885
0.3059657
0.3392578
0.3671124
0.353737
0.2848604
0.269345
0.2119442
0.2160641
0.2383007
0.3110445
0.3003888
0.2590994
0.2759829
0.2445592
0.2523633
0.2534237
0.2793962
0.2605465
0.2555287
0.2843208
0.3210917
0.3337349
0.3448772
0.3719318
0.3302069
0.378941
0.4074837
0.4011538
0.320482
0.3185679
0.281308
0.3255227
0.3304858
0.291525
0.2833886
0.317656
0.3004654
0.2546273
0.2658314
0.213436
0.2360267
0.2353804
0.3269441
0.320035
0.305444
0.2757369
0.3056726
0.3379084
0.3089149
0.3388282
0.3981553
0.3493978
0.3647898
0.3733618
0.3314504
0.3479997
0.3311781
0.3401996
0.3875999
0.3574905
0.3971669
0.3561189
0.4239332
0.4107767
0.3559962
0.3702148
0.339978
0.4140867
0.3568607
0.327005
0.3362286
0.3221212
0.3173878
0.3150894
0.2655962
0.3288895
0.248779
0.2465451
0.2502082
0.2444436
0.250626
0.2277258
0.3034957
0.3065347
0.2970296
0.2936376
0.2182824
0.1953266
0.260132
0.2092878
0.2940388
0.2799853
0.249728
0.2373734
0.2579499
0.2526467
0.2755029
0.3081708
0.3295557
0.3044491
0.2505124
0.1793147
0.1574411
0.2082613
0.1178137
0.1644594
0.2444898
0.2195242
0.2185523
0.2327921
0.2033003
0.3599005
0.4085838
0.4553558
0.4151852
0.3783929
0.3881823
0.3526552
0.358492
0.3238788
0.3460905
0.32908
0.3445677
0.3349302
0.3106384
0.338915
0.2763095
0.2696064
0.310343
0.3070025
0.3527209
0.3547388
0.3392165
0.2392646
0.2666722
0.2713861
0.292534
0.2972174
0.2838484
0.3099538
0.2916233
0.2449705
0.3143046
0.3685278
0.337976
0.3153054
0.2746177
0.3171838
0.30343
0.2814071
0.2556121
0.2783662
0.2782354
0.3083317
0.3358405
0.2823742
0.185371
0.1971495
0.2198665
0.1659668
0.2410784
0.2029595
0.2067027
0.1864315
0.2266519
0.2834281
0.2823231
0.2563393
0.2052044
0.2272054
0.2012254
0.2014427
0.1766104
0.2829954
0.2512842
0.2595846
0.2335952
0.2158124
0.1913361
0.2202921
0.2860218
0.2627166
0.2775128
0.3249761
0.3565854
0.4136541
0.4313124
0.4026655
0.3506701
0.4016301
0.3353778
0.3706204
0.3271774
0.3258808
0.3529858
0.347662
0.402511
0.3569164
0.3817572
0.3990393
0.3560288
0.3344528
0.2775445
0.2745202
0.2632499
0.2788288
0.2997178
0.2631999
0.2531982
0.236975
0.2137791
0.2283712
0.2914237
0.3256933
0.1949187
0.2180272
0.3092248
0.3072822
0.380701
0.2752464
0.2268526
0.1887218
0.2262685
0.2324696
0.1804308
0.2051193
0.1966024
0.1824974
0.2041042
0.2965588
0.284722
0.2729694
0.334577
0.3401587
0.285855
0.4035067
0.368248
0.3346355
0.3549816
0.4128707
0.4043021
0.4099474
0.3403724
0.2707313
0.2716798
0.2562587
0.2588004
0.2850737
0.3045261
0.2813279
0.3017489
0.3428327
0.2750768
0.2322348
0.2543312
0.1967142
0.2606544
0.3089047
0.3534071
0.3243251
0.321774
0.29171
0.266531
0.2461734
0.2904236
0.2506994
0.2399337
0.284137
0.3498281
0.3328305
0.2728598
0.3459876
0.3005356
0.3164244
0.2360336
0.2982188
0.2509096
0.2447027
0.2428177
0.2686847
0.245995
0.3147005
0.3320291
0.309713
0.2541594
0.2790022
0.2995062
0.2556751
0.2512223
0.2671001
0.2145111
0.315293
0.3361657
0.3598474
0.3465141
0.3966092
0.3879014
0.3415371
0.4120669
0.3475853
0.3510183
0.4324616
0.4784758
0.4528567
0.3589341
0.253327
0.3047515
0.3016787
0.343076
0.3813659
0.3723438
0.3932681
0.4272291
0.3929089
0.3597626
0.3159595
0.2932707
0.3419366
0.2467297
0.2767206
0.3089961
0.3507604
0.3904459
0.4200121
0.389278
0.3656296
0.3325039
0.3067059
0.333942
0.3253146
0.3308283
0.3199671
0.3244908
0.3960327
0.3717635
0.3600916
0.3340089
0.4471386
0.3975362
0.4085474
0.3860633
0.3181448
0.2648529
0.3296609
0.3589522
0.2803481
0.2420125
0.3566691
0.3604893
0.3266342
0.4265593
0.3323923
0.309457
0.2159855
0.2090428
0.3042748
0.334528
0.3253729
0.3599746
0.2902102
0.2893436
0.3429942
0.3853911
0.3831496
0.4042034
0.4349626
0.3763407
0.3628308
0.3897774
0.4050773
0.3695444
0.3398
0.3073636
0.3271313
0.3877346
0.3769346
0.3668144
0.3244193
0.4076041
0.3638083
0.342565
0.224596
0.2370198
0.2863822
0.3168328
0.2647029
0.2853653
0.2619186
0.245227
0.2213767
0.1831424
0.1864995
0.2284933
0.2293321
0.2784275
0.2637674
0.2879219
0.3247305
0.3800809
0.3387005
0.2702358
0.3078254
0.3753436
0.4068342
0.4182328
0.4514439
0.3751251
0.4176545
0.4213982
0.3750463
0.3819625
0.2817092
0.2033431
0.2364452
0.2710701
0.2913424
0.3244754
0.337884
0.298208
0.3060996
0.2995882
0.3069331
0.2675875
0.2590816
0.2507775
0.245747
0.2578477
0.2291836
0.3511163
0.3479923
0.3542609
0.3801761
0.3844507
0.3315123
0.3413311
0.3380978
0.3756739
0.3835147
0.4136733
0.3909021
0.3876527
0.35783
0.3877613
0.3689437
0.3733886
0.3400682
0.3219292
0.3326307
0.3779933
0.4732262
0.4662099
0.443367
0.4330661
0.4157993
0.386051
0.326492
0.2990527
0.3076464
0.3220677
0.2866728
0.2525783
0.2804659
0.2999835
0.3031995
0.3447941
0.3798096
0.3142446
0.2790194
0.2984799
0.3149464
0.2890932
0.3130248
0.3157542
0.2934761
0.2510816
0.2725701
0.2696076
0.3431688
0.3854325
0.3822307
0.3564832
0.38139
0.4060731
0.4098699
0.3689857
0.2964877
0.4015381
0.3234006
0.3501866
0.2905564
0.3152723
0.3189389
0.3587109
0.3686862
0.3166526
0.3596265
0.3563783
0.2645984
0.2767034
0.3088866
0.3217895
0.2995784
0.3383244
0.2860529
0.28116
0.269813
0.2377482
0.2123923
0.2256269
0.2504705
0.1940587
0.1967702
0.1634922
0.2192365
0.1528961
0.1619051
0.2077841
0.2928549
0.3323836
0.3080584
0.2773485
0.2162814
0.2407336
0.2190673
0.3112075
0.3093342
0.254959
0.3076914
0.3460761
0.262654
0.2614395
0.210105
0.1842722
0.2639671
0.2315214
0.2112744
0.2591578
0.3281156
0.2810225
0.2613598
0.2111461
0.2148311
0.2915945
0.3167879
0.3207503
0.2819179
0.2555427
0.2210387
0.2595929
0.2643168
0.2605793
0.2329588
0.2808601
0.3290425
0.3424511
0.3768144
0.3106845
0.2417065
0.209371
0.27201
0.2233265
0.2259475
0.2904407
0.3431664
0.3249154
0.3929734
0.3413471
0.3339687
0.3267444
0.2959165
0.3184944
0.2747998
0.2999155
0.3446646
0.3331301
0.2642294
0.2648266
0.2263011
0.2379182
0.1986924
0.1986355
0.1980544
0.1700781
0.2701651
0.2660581
0.2951821
0.2631927
0.284317
0.2687539
0.26803
0.2345477
0.2103747
0.2450242
0.2444134
0.2860159
0.3329413
0.3967653
0.4047228
0.3996695
0.423085
0.3708453
0.3532887
0.3959424
0.3958648
0.3814867
0.3989993
0.4090208
0.4059191
0.4215269
0.4604066
0.4351203
0.4031447
0.3868318
0.3327169
0.3345301
0.2990295
0.2594269
0.2871669
0.2553895
0.2740196
0.3061518
0.3394712
0.3287976
0.3865183
0.3934403
0.3150632
0.2577633
0.3016932
0.2886738
0.3512483
0.3636795
0.3974253
0.3650577
0.3586227
0.3694667
0.3660261
0.3986744
0.3923635
0.2975922
0.3086897
0.2713305
0.2614541
0.2959729
0.2451122
0.3135368
0.3685862
0.3631381
0.3991753
0.3984114
0.3769479
0.4419762
0.3790336
0.4121843
0.3998541
0.3949557
0.4110365
0.396764
0.384833
0.3066426
0.282658
0.2485273
0.3063977
0.3120566
0.3284729
0.2655092
0.2415716
0.311802
0.2355515
0.2783963
0.3421821
0.2855495
0.2878431
0.2839207
0.3014803
0.256579
0.3004723
0.3180695
0.3214238
0.3687397
0.3987841
0.3785275
0.353727
0.3754096
0.3830645
0.4176889
0.3663111
0.3173756
0.2050639
0.2416516
0.2540451
0.2110621
0.2334236
0.2852265
0.3078448
0.3310697
0.246951
0.2362276
0.2078326
0.1968274
0.2950522
0.2889364
0.2525502
0.285786
0.2850205
0.2782354
0.2698951
0.3070519
0.3021913
0.2974794
0.3214997
0.3566978
0.3381978
0.3033527
0.3213439
0.3561248
0.3340211
0.3461588
0.3347042
0.3568007
0.3269485
0.4095514
0.4174528
0.3334012
0.3445274
0.2967301
0.3136109
0.3076906
0.3302317
0.2841954
0.2623759
0.3503555
0.3602683
0.2990051
0.2732886
0.2967198
0.2578884
0.2672276
0.2668777
0.2638335
0.2697949
0.2600081
0.2627298
0.2914247
0.2953485
0.3029692
0.2455602
0.2762425
0.2531153
0.2651843
0.2743079
0.2348028
0.2892663
0.3286527
0.3100627
0.2671779
0.2696566
0.2789111
0.2823412
0.286755
0.2579087
0.2579331
0.3084642
0.3172624
0.3167888
0.3569042
0.3665848
0.3475966
0.3055598
0.2846842
0.2902658
0.2950568
0.385475
0.414174
0.3322896
0.3324598
0.2273357
0.2344685
0.2739672
0.3446037
0.3260393
0.3609174
0.3123891
0.2838925
0.2228298
0.3447404
0.388974
0.3729023
0.3841767
0.3104536
0.3013019
0.2910498
0.3482401
0.3308508
0.3044113
0.3346529
0.3275442
0.3362506
0.3022428
0.3278313
0.2932021
0.320553
0.3039813
0.2596925
0.2341076
0.2828409
0.354909
0.2940093
0.3308306
0.3709426
0.3551646
0.3679628
0.3407506
0.3360804
0.2975275
0.2655309
0.2706915
0.3065695
0.3748274
0.2676767
0.2951531
0.2784789
0.2652449
0.3529742
0.4037253
0.4348458
0.4278484
0.4282942
0.4123914
0.4397957
0.3427673
0.3342259
0.3900498
0.3693061
0.3465583
0.3437031
0.3332694
0.3298216
0.3149488
0.3242727
0.3064124
0.298105
0.2954557
0.288214
0.2944319
0.2450172
0.2395611
0.2619302
0.2503244
0.2700431
0.2524738
0.2708776
0.2552947
0.3136497
0.3534793
0.3303416
0.3406538
0.276064
0.3124694
0.3093268
0.3344298
0.2891618
0.3076883
0.4045878
0.3677256
0.3664084
0.3371728
0.3039589
0.3433614
0.3839047
0.3499699
0.2952785
0.3112576
0.3085634
0.2998701
0.3284202
0.2766748
0.2839997
0.3273877
0.370015
0.3887935
0.2957054
0.3014851
0.3686305
0.3903864
0.3704472
0.3160504
0.355291
0.2912219
0.2893
0.2815474
0.2174282
0.1830864
0.2356311
0.2439287
0.2647402
0.2729453
0.277565
0.2677655
0.2673421
0.2813919
0.3106097
0.3084657
0.3105045
0.3602041
0.3628688
0.3597604
0.388049
0.44099
0.4079977
0.3813524
0.4432669
0.4293083
0.3443019
0.3579765
0.3419094
0.2950476
0.3309472
0.3614374
0.3951687
0.4176161
0.3397321
0.3148807
0.2158951
0.2912779
0.2846679
0.3097425
0.3398762
0.376319
0.3911602
0.4025128
0.3425408
0.2919463
0.363986
0.3798564
0.3863121
0.3387416
0.3491428
0.3230765
0.331819
0.2535714
0.2131511
0.1647143
0.1862031
0.1754949
0.195199
0.228411
0.3310698
0.2854356
0.297314
0.299734
0.2810943
0.2030063
0.2136054
0.3047445
0.3190284
0.2925645
0.3081832
0.2954338
0.3193649
0.3142529
0.3128393
0.3209387
0.363327
0.2803192
0.294014
0.3257651
0.3142964
0.2745466
0.3036172
0.236665
0.228274
0.2397112
0.281435
0.3068073
0.315579
0.3558831
0.3499948
0.3308111
0.3266163
0.3382568
0.3523746
0.3718947
0.3424676
0.3039426
0.2777729
0.2382629
0.2348346
0.2520997
0.2477921
0.2269258
0.2339516
0.2192537
0.2664461
0.2709743
0.2523703
0.2727723
0.3053777
0.2950998
0.3030089
0.241056
0.2544898
0.3023586
0.3193317
0.2757187
0.2336503
0.2092962
0.2071311
0.22172
0.2820913
0.3259047
0.3092582
0.3372151
0.3037348
0.302475
0.2561927
0.2250358
0.2490879
0.2676845
0.2779676
0.2535882
0.3138402
0.2931007
0.2946525
0.2858312
0.3209944
0.3573304
0.3104991
0.2943374
0.1692829
0.1769318
0.3098438
0.259977
0.2391776
0.2854621
0.2922399
0.3175026
0.3202145
0.2831216
0.2657299
0.2903786
0.2839805
0.2958515
0.3082827
0.3392803
0.2835614
0.3399434
0.3528478
0.3470686
0.3030891
0.2954773
0.2428003
0.3050067
0.3393705
0.330222
0.364881
0.2895323
0.2698395
0.2758822
0.1819791
0.1879971
0.2170417
0.2329053
0.3249165
0.3269537
0.2279164
0.2705948
0.198527
0.2466606
0.2994462
0.2658623
0.2760525
0.280578
0.3012082
0.3366288
0.359769
0.3934776
0.360643
0.2914839
0.2791188
0.257403
0.2846164
0.2608925
0.2411517
0.2914251
0.2740686
0.2540648
0.2369127
0.234868
0.2450666
0.2366859
0.2706636
0.3020131
0.3376256
0.3638626
0.3113459
0.3505457
0.4105778
0.4118278
0.438405
0.4120544
0.4234474
0.4175931
0.3807295
0.3923416
0.3967838
0.1967384
0.236497
0.1542228
0.09785474
0.1749892
0.2224064
0.2134038
0.1634602
0.2908448
0.3392715
0.2898082
0.2510141
0.1500573
0.2602379
0.3168391
0.3034071
0.2799453
0.24363
0.2347789
0.2805112
0.3377548
0.3431773
0.3277572
0.2889149
0.3011807
0.2786813
0.2833797
0.3167965
0.3692988
0.4044791
0.3213982
0.3314787
0.3431008
0.2400884
0.2919397
0.29562
0.2895415
0.2957364
0.2958483
0.3432003
0.38231
0.3257379
0.3322129
0.3230422
0.2605542
0.2106567
0.2799232
0.2906637
0.3007668
0.2672563
0.2203662
0.2107961
0.232466
0.2190425
0.3069047
0.2949051
0.2816874
0.2056072
0.2226728
0.2215281
0.2344592
0.2748045
0.2994508
0.2523898
0.2358237
0.2834941
0.2722213
0.2543096
0.2562785
0.269519
0.300673
0.2954966
0.3256782
0.3131388
0.3238258
0.3089284
0.2489772
0.2880377
0.3212796
0.3109018
0.2661384
0.1569807
0.2042455
0.2510414
0.3092241
0.2813931
0.3024454
0.3008885
0.3048395
0.2466524
0.2346856
0.256778
0.3376315
0.3405116
0.2399387
0.233195
0.1889613
0.2305603
0.2260276
0.2979546
0.2846167
0.3295715
0.3270668
0.3233026
0.3500102
0.3803944
0.3305723
0.3085493
0.3130562
0.3065129
0.3373086
0.3260197
0.3427526
0.3791985
0.4050086
0.3477659
0.2582735
0.3174835
0.3456925
0.3058067
0.2405008
0.2800732
0.2503996
0.3224204
0.2973763
0.3318795
0.2536619
0.2849283
0.2648063
0.2288795
0.2081023
0.2209802
0.2614722
0.2612809
0.1577803
0.1384323
0.1566667
0.238457
0.2441939
0.2109663
0.2427907
0.3188666
0.2822277
0.3021554
0.3464356
0.304122
0.2621526
0.2553876
0.2862027
0.312656
0.2885214
0.3081683
0.3360108
0.3310144
0.3334686
0.3204692
0.3325741
0.2898762
0.2681065
0.3315973
0.2628785
0.2644145
0.304791
0.3345663
0.3386399
0.3332363
0.2463107
0.2419289
0.2506291
0.2867743
0.304681
0.2851218
0.3167415
0.2864909
0.2330976
0.2667545
0.283991
0.2824975
0.2729814
0.2778854
0.3138272
0.2649788
0.2434589
0.3273456
0.3714415
0.3210017
0.300685
0.3474659
0.3446234
0.3796646
0.3336572
0.3019534
0.3484029
0.3217786
0.2488978
0.2178701
0.2758234
0.2791468
0.230071
0.2288443
0.2718945
0.2507689
0.2335321
0.2121121
0.2710754
0.2979367
0.2780283
0.3122842
0.2770089
0.2660823
0.2499169
0.2202577
0.1800941
0.194707
0.1951925
0.2288403
0.2071605
0.3074526
0.3196014
0.2571091
0.2573535
0.2670553
0.2194123
0.2956086
0.3073765
0.3239145
0.3237036
0.3182151
0.2926965
0.2306112
0.1906073
0.1907821
0.2328098
0.2567791
0.2603443
0.2316559
0.3334419
0.2804517
0.327438
0.3529646
0.3116856
0.3340989
0.3611011
0.3556812
0.3399882
0.3135146
0.2092905
0.2934989
0.276452
0.3086555
0.25621
0.2378832
0.235801
0.2278295
0.221178
0.2240036
0.2899544
0.2817388
0.2727447
0.2775835
0.2535067
0.2707888
0.2983853
0.3041415
0.3455576
0.2918841
0.3140988
0.3660411
0.3578936
0.3612889
0.2988567
0.3569824
0.3287354
0.3406134
0.385755
0.4319916
0.4530854
0.3533383
0.3044347
0.2624265
0.2831871
0.1747559
0.2169469
0.2698126
0.2621783
0.294964
0.2389328
0.3006758
0.3022092
0.3395954
0.3286948
0.3033985
0.3522572
0.3355956
0.3611979
0.2712779
0.254597
0.3280953
0.3427786
0.3642906
0.2850169
0.3038702
0.2354404
0.2768255
0.341631
0.2873654
0.2694158
0.2448655
0.2732604
0.2888311
0.2306136
0.296963
0.3640525
0.3499977
0.2821512
0.2605058
0.199145
0.1783146
0.2126075
0.1689385
0.2428409
0.2443245
0.2372144
0.2368479
0.2642524
0.2852027
0.2907908
0.2797345
0.3032371
0.2980928
0.2568313
0.2615607
0.1844379
0.1417437
0.2092205
0.3043317
0.3361512
0.3259453
0.318579
0.3404176
0.3237027
0.3878141
0.40749
0.402291
0.3699511
0.3251034
0.311727
0.2654195
0.2360181
0.2640516
0.2594097
0.2789703
0.3564351
0.3321886
0.3634173
0.3250786
0.3176624
0.3376054
0.3317762
0.310075
0.2414284
0.3186707
0.3654399
0.3417634
0.3045792
0.2478823
0.241009
0.2604761
0.282888
0.2774893
0.2567593
0.2767409
0.2664927
0.3273409
0.3408704
0.3468893
0.3352025
0.3090072
0.3231596
0.2769197
0.2304886
0.1982936
0.1264346
0.1347934
0.1487042
0.2093554
0.2271418
0.261407
0.2842224
0.3044468
0.241264
0.2044895
0.2730305
0.2058487
0.2189364
0.188677
0.2280202
0.3027984
0.2637497
0.2763903
0.3416296
0.3218612
0.2625778
0.2911928
0.2447101
0.2367545
0.2296161
0.2989624
0.2563254
0.2768469
0.3481994
0.3120407
0.2934373
0.3447906
0.3786181
0.342647
0.3805589
0.3211849
0.3013668
0.3459944
0.3069968
0.3384497
0.3517118
0.3553205
0.3411565
0.3305847
0.3616316
0.3639416
0.3451887
0.2751037
0.2617511
0.3581737
0.378906
0.3257538
0.269401
0.2620229
0.2672149
0.2516861
0.2515577
0.2471196
0.2649824
0.2287596
0.2984403
0.3353458
0.3299474
0.2897492
0.2320087
0.3251696
0.3071289
0.3045677
0.2630177
0.3009951
0.258154
0.2468826
0.2324868
0.2803991
0.2808504
0.3530003
0.3044339
0.234256
0.270459
0.3469587
0.3410863
0.3005322
0.3170528
0.286924
0.2512969
0.2497029
0.2980218
0.2764612
0.2449264
0.2585281
0.257673
0.2383869
0.2972556
0.2068127
0.2071021
0.2086862
0.1910602
0.2601902
0.2873949
0.3084858
0.2973017
0.3050739
0.265298
0.2515556
0.2516095
0.21883
0.2373779
0.2787019
0.273116
0.3172436
0.3017881
0.3139026
0.2998091
0.3033398
0.3005695
0.2602878
0.2821353
0.2806478
0.2269643
0.2375792
0.2658877
0.3098397
0.3226664
0.2759104
0.302641
0.2720222
0.2856041
0.307956
0.2863246
0.2802726
0.2643885
0.2391387
0.2936788
0.3372541
0.4200727
0.4236102
0.4096253
0.3556052
0.3163556
0.2651949
0.2820554
0.2671881
0.2278595
0.2811196
0.3661825
0.4183928
0.3807989
0.3152075
0.3016
0.275562
0.2678514
0.3162697
0.3139673
0.3124162
0.3876808
0.4114064
0.4182202
0.3598941
0.2957814
0.3038896
0.3359063
0.3444047
0.3144997
0.2627372
0.2795937
0.2626824
0.2792479
0.2873199
0.2823334
0.2968945
0.3148562
0.3252243
0.3104166
0.2440941
0.2436328
0.3012795
0.3211984
0.2924793
0.303775
0.2192728
0.2262395
0.2589121
0.2607709
0.196326
0.1945602
0.2517757
0.2454227
0.25928
0.2367213
0.2506742
0.2434364
0.2425914
0.3058018
0.2861384
0.2719264
0.2526522
0.2727092
0.3315461
0.366439
0.3822257
0.4128363
0.3658207
0.3588302
0.3374703
0.3133224
0.2838558
0.2568248
0.2854982
0.2625718
0.2752413
0.2307164
0.2958567
0.2752208
0.2678301
0.2872066
0.2839407
0.3034973
0.2955341
0.2606883
0.286505
0.3041332
0.2695377
0.279958
0.3171319
0.3807027
0.3300795
0.3567385
0.2863654
0.2817815
0.2704385
0.243572
0.2650516
0.303314
0.3457206
0.3093319
0.2749695
0.2704051
0.2152474
0.1742872
0.240378
0.2647764
0.3112216
0.2731325
0.3152239
0.2955472
0.3166502
0.3889787
0.3765084
0.3509807
0.2950491
0.2619244
0.3522783
0.3426473
0.3457538
0.2437663
0.2267855
0.3091241
0.3382489
0.3325128
0.2751249
0.2618301
0.2268956
0.2809984
0.3011435
0.208225
0.2100156
0.2615594
0.2703211
0.2103031
0.2306501
0.2252655
0.1817327
0.260223
0.3343981
0.3475018
0.3858872
0.3899236
0.3626875
0.3210799
0.3330265
0.3522754
0.337746
0.3224691
0.3374337
0.372064
0.4068966
0.4123799
0.3532917
0.3004079
0.3142592
0.2394851
0.2105937
0.2111347
0.2084304
0.2065661
0.1750989
0.2245022
0.1949831
0.2026647
0.2194677
0.2965987
0.3302676
0.3252924
0.2679186
0.2699363
0.2748222
0.2703431
0.2955474
0.3202046
0.2848059
0.2962516
0.2661038
0.3264578
0.3376107
0.2344974
0.2607726
0.2811634
0.2454903
0.2322995
0.3138567
0.2489906
0.2797519
0.3644093
0.3821953
0.3638724
0.3809231
0.4180246
0.3744443
0.3693439
0.3770014
0.4016134
0.4258824
0.4050185
0.3981966
0.4032015
0.4204186
0.4437597
0.4399326
0.4360317
0.4478628
0.4160769
0.3876483
0.3566682
0.337142
0.3095059
0.315047
0.3585907
0.29832
0.2294397
0.2548206
0.271656
0.310659
0.4013854
0.3341308
0.2827219
0.3276443
0.3202013
0.3170659
0.317342
0.333686
0.3632804
0.3319649
0.3163325
0.2598583
0.261109
0.3212929
0.3276732
0.2803945
0.308637
0.2878141
0.3437357
0.3572428
0.2559931
0.2784538
0.3289837
0.3329446
0.3205667
0.2824181
0.2827267
0.3182348
0.2984456
0.222421
0.2506915
0.2523363
0.2024717
0.2453221
0.2396126
0.2291972
0.2838847
0.3289562
0.3641999
0.3726298
0.418364
0.3088121
0.3349918
0.3613433
0.355845
0.367847
0.3872721
0.3825868
0.3360098
0.2569416
0.2796406
0.3294975
0.3699132
0.3945156
0.4046726
0.4086392
0.3195506
0.3602917
0.3733698
0.3580459
0.3129568
0.2784912
0.2220729
0.2583993
0.2502268
0.2832377
0.3200674
0.3364957
0.3697207
0.3170219
0.324356
0.3552078
0.3164661
0.3288352
0.321847
0.3366113
0.3102234
0.3082106
0.3368635
0.3452189
0.3415433
0.3259244
0.3402043
0.3527282
0.3552516
0.3555832
0.3337454
0.3568837
0.3647026
0.3382646
0.322508
0.3341842
0.3148891
0.3111115
0.3269459
0.3359073
0.2999418
0.2856646
0.2653275
0.2568787
0.3278087
0.3594669
0.280837
0.2703301
0.2939325
0.2430657
0.2365238
0.2151541
0.2129091
0.2173882
0.2156891
0.2291937
0.2526539
0.2194119
0.2810996
0.3111115
0.2984877
0.3199975
0.2687451
0.2676412
0.2151172
0.2449287
0.2943169
0.3566897
0.3438965
0.2950497
0.3148192
0.3127914
0.1996404
0.2687141
0.262032
0.3202469
0.3091173
0.3045162
0.3350927
0.2510007
0.2810913
0.2380707
0.2499722
0.3056172
0.3476661
0.3363356
0.3456802
0.3469249
0.3201273
0.2515652
0.3081184
0.2706862
0.216548
0.1883701
0.2090482
0.2570526
0.2605401
0.3064974
0.3576654
0.3015131
0.2723339
0.3160238
0.2608914
0.2866779
0.2833
0.2329068
0.2532517
0.2245013
0.2645261
0.2409288
0.2837428
0.2663922
0.2768388
0.3340251
0.304038
0.2883141
0.2744372
0.3040461
0.2482046
0.256745
0.3236941
0.2483951
0.281904
0.2495853
0.256207
0.1776979
0.1563942
0.2008834
0.237169
0.2823343
0.2922479
0.2311299
0.3165526
0.3661345
0.3695086
0.3607729
0.3638451
0.3093634
0.2767555
0.2788402
0.2565202
0.3324834
0.337518
0.3876533
0.4274222
0.4390145
0.3650215
0.3967235
0.4076321
0.3238477
0.3379177
0.373692
0.3500218
0.2641877
0.330198
0.4149724
0.4996537
0.5403371
0.4697281
0.4625683
0.4112031
0.3954467
0.3720464
0.318402
0.3877019
0.3080152
0.372468
0.3529703
0.3799396
0.3250205
0.3241095
0.294274
0.3057076
0.3438337
0.3300093
0.3406272
0.3721423
0.3416349
0.3120842
0.2442506
0.2898414
0.2603203
0.2960732
0.2491721
0.2444761
0.2037691
0.281235
0.2977516
0.3034454
0.3374332
0.3407735
0.3850904
0.401458
0.3538536
0.3238458
0.3805469
0.3116394
0.3636001
0.3193276
0.3161937
0.2663165
0.3209562
0.2972967
0.3328749
0.3582002
0.3171631
0.2853818
0.2774112
0.278702
0.2639898
0.2830832
0.2612755
0.2666542
0.2700009
0.2555071
0.1830982
0.1679191
0.140763
0.1534559
0.1931628
0.2574139
0.2812044
0.2872384
0.3554244
0.3740854
0.3681205
0.3343606
0.3075218
0.2904716
0.2674196
0.3091575
0.372606
0.3557676
0.3877237
0.4548217
0.4650089
0.4226869
0.3530758
0.2991843
0.2441502
0.2501855
0.2363841
0.2406877
0.279278
0.3135564
0.2827676
0.3278055
0.304427
0.3438232
0.307041
0.3013411
0.305809
0.3423039
0.3885984
0.3513997
0.3106722
0.2724393
0.2827239
0.2635713
0.2854184
0.2266372
0.2548475
0.2789036
0.2562179
0.3105772
0.2604265
0.2807856
0.2796829
0.3029903
0.2232778
0.188386
0.2180241
0.2428312
0.2142973
0.244096
0.2977485
0.3589716
0.2889911
0.4011946
0.3651444
0.3902627
0.4487949
0.4972777
0.4430552
0.4000355
0.3916412
0.387107
0.3852472
0.3728163
0.35402
0.3350775
0.3208238
0.3087601
0.3136654
0.3933501
0.2838466
0.2299877
0.2038287
0.2261889
0.2871575
0.3032865
0.2751991
0.2853451
0.2952946
0.2230287
0.2104375
0.2532614
0.2976176
0.2907123
0.3390675
0.3743262
0.4019132
0.346855
0.3235464
0.2933409
0.2812146
0.3727007
0.3568835
0.3615272
0.3182591
0.2789489
0.3282504
0.2708565
0.2998759
0.2366142
0.2195264
0.285809
0.3506793
0.3783547
0.3682596
0.3353949
0.2813936
0.2760736
0.2707469
0.2572872
0.2443034
0.2728552
0.2491731
0.3258624
0.3436343
0.283293
0.2569273
0.2593658
0.3144623
0.3185879
0.2948236
0.3562887
0.3225734
0.3278056
0.2598477
0.3031183
0.3130559
0.3498103
0.2237743
0.2343773
0.2972466
0.3519931
0.3815928
0.4115376
0.4137303
0.372591
0.3886211
0.2872058
0.2893571
0.1971954
0.2024459
0.2316445
0.275228
0.3522882
0.2612644
0.2072756
0.2939165
0.3013158
0.3797614
0.3331374
0.271002
0.2397063
0.2868439
0.2510991
0.2544185
0.2328704
0.2211274
0.2834788
0.3400443
0.3167128
0.2593429
0.2609781
0.2831694
0.3109583
0.2824653
0.2300902
0.2881488
0.2913573
0.2323174
0.1696734
0.1389252
0.1841924
0.1986705
0.2992783
0.2119023
0.2672712
0.27966
0.3015545
0.2818225
0.3321288
0.3296488
0.2601704
0.2341731
0.2297125
0.2576894
0.3418973
0.2665248
0.2793398
0.3459162
0.3360525
0.3159948
0.3263237
0.4138699
0.358699
0.3235441
0.3039709
0.236381
0.2344431
0.288988
0.229109
0.1897877
0.2337841
0.2399189
0.2384798
0.2325948
0.2934355
0.3392031
0.3106831
0.2567993
0.2245068
0.2211439
0.1541026
0.1683932
0.2537293
0.2297113
0.2167623
0.2263584
0.2826162
0.2670558
0.2840082
0.3948963
0.3537129
0.3237674
0.2248428
0.2061745
0.3212124
0.4161701
0.3232626
0.3711865
0.3420822
0.2847833
0.1717327
0.1503152
0.1413541
0.1447619
0.1875313
0.2482158
0.29469
0.3338189
0.2967992
0.3175218
0.4478261
0.3606764
0.3367065
0.3204901
0.2890454
0.255014
0.2064957
0.2558007
0.2622276
0.2661904
0.2814143
0.2874508
0.2297966
0.228603
0.2195016
0.2626402
0.2802753
0.3310141
0.3813254
0.3459944
0.3313891
0.2866145
0.2222517
0.1744286
0.1638803
0.1978639
0.2265261
0.2849135
0.2679188
0.2985072
0.2536466
0.2611978
0.2598863
0.2778757
0.3023991
0.3490263
0.2984426
0.2612957
0.2143009
0.286324
0.2811872
0.3113256
0.3278624
0.3373942
0.3528795
0.366047
0.2855966
0.2657534
0.3321568
0.3423506
0.324863
0.2987817
0.2726239
0.256732
0.3519737
0.3446332
0.3849824
0.369003
0.3969576
0.3670402
0.3234926
0.3086119
0.3522413
0.3055435
0.1870915
0.1741958
0.2000901
0.1971874
0.2166787
0.1839464
0.2193811
0.1241951
0.1545629
0.1582754
0.1813952
0.1960593
0.2658159
0.3165009
0.3287912
0.3522587
0.3370038
0.3634273
0.3087184
0.2747782
0.2481077
0.2421638
0.281647
0.2199896
0.2314321
0.2994032
0.2748604
0.2501188
0.2829719
0.2161038
0.2638217
0.3102325
0.2955071
0.3584664
0.3860873
0.4138905
0.4211874
0.368088
0.2941446
0.2846062
0.3216108
0.3386483
0.3106077
0.3047252
0.3315963
0.3245313
0.3472232
0.3774331
0.38942
0.4351578
0.4532899
0.401622
0.3841571
0.3601591
0.3344124
0.3362077
0.3102786
0.3337241
0.3341293
0.368944
0.38997
0.3801953
0.4095536
0.4413443
0.3978833
0.4088727
0.3777403
0.355213
0.3490076
0.3222208
0.2874547
0.2471988
0.22347
0.2529468
0.3024992
0.2694627
0.2507558
0.2030349
0.2575553
0.3150815
0.2436047
0.2283746
0.1682347
0.1844949
0.3197474
0.3079028
0.1956143
0.1580954
0.1573585
0.1343483
0.206331
0.1528727
0.273532
0.2222065
0.2086832
0.1725201
0.2756812
0.275986
0.2920847
0.3137156
0.3212798
0.2647641
0.2205816
0.2693927
0.3464026
0.3652422
0.3330045
0.2891289
0.2539985
0.208391
0.3186935
0.2807904
0.309072
0.315789
0.3217265
0.3511779
0.3752604
0.3525017
0.3812334
0.4254777
0.4228517
0.4231165
0.3664272
0.3692092
0.3552551
0.3383472
0.3288139
0.346347
0.3817742
0.3696397
0.3289994
0.3927979
0.3464453
0.3675959
0.3484444
0.3391606
0.3447842
0.334697
0.2641677
0.2861343
0.3575181
0.3563844
0.3571087
0.3536561
0.3206494
0.331871
0.3443753
0.3448066
0.3306143
0.2952375
0.2470094
0.2283519
0.219627
0.2456035
0.2212102
0.223013
0.1834148
0.1707099
0.1810444
0.179923
0.1809333
0.1999248
0.2484513
0.2475499
0.2184239
0.1788434
0.1814383
0.2630906
0.2623677
0.2354811
0.2273921
0.287498
0.3191903
0.3066497
0.2956265
0.2273258
0.2137295
0.2176727
0.2084749
0.2639571
0.2554394
0.2656619
0.2696922
0.2728865
0.3129277
0.2962098
0.3223626
0.3061913
0.3708351
0.3851431
0.4054578
0.3594906
0.2547497
0.1614047
0.2500065
0.2208617
0.188181
0.267859
0.2794177
0.2239806
0.2355781
0.2184505
0.3250858
0.3024644
0.3391202
0.3315398
0.2865169
0.2600874
0.2705756
0.242849
0.2503584
0.258134
0.2529254
0.2752461
0.2998834
0.2649064
0.2317961
0.2693414
0.2934256
0.3103314
0.3095776
0.3585893
0.3761118
0.3513548
0.3342176
0.3538235
0.3449306
0.3463032
0.3436569
0.3241837
0.3109811
0.3128546
0.3596516
0.3739143
0.3557159
0.3194473
0.3184854
0.4357589
0.392544
0.3607481
0.3169082
0.2853642
0.3120359
0.3496665
0.3609454
0.3747684
0.3862823
0.3533734
0.2992493
0.3117262
0.2916222
0.2984726
0.2891857
0.3063604
0.3282211
0.333859
0.3515698
0.3577168
0.3978207
0.4367419
0.4523424
0.4176896
0.4049989
0.3764662
0.4051845
0.3683769
0.2739359
0.2175487
0.2318755
0.2217614
0.2812407
0.2173502
0.1970006
0.1521708
0.2305549
0.2302107
0.3061134
0.2884085
0.283644
0.2588389
0.2395404
0.2230221
0.2266519
0.2713036
0.3302642
0.295627
0.2812914
0.3541885
0.3025653
0.2614712
0.294374
0.373188
0.305421
0.2766369
0.2465424
0.2716168
0.3169704
0.2316049
0.2617301
0.2425526
0.2713732
0.1799624
0.2359388
0.2707952
0.2201911
0.2773136
0.2664494
0.2625886
0.2818917
0.2631235
0.2901301
0.2621886
0.2432728
0.2751582
0.3585516
0.3718629
0.3674643
0.3622783
0.3376373
0.3137009
0.3556995
0.3558957
0.3559919
0.3199307
0.3152086
0.29591
0.2993758
0.3244734
0.2904555
0.2528894
0.1716088
0.1976737
0.1993543
0.1945366
0.183716
0.2439895
0.2772463
0.3712069
0.392984
0.4047522
0.3704459
0.3899968
0.3407727
0.3439685
0.3087136
0.247201
0.1835284
0.2138886
0.1883292
0.2097507
0.2051272
0.2304759
0.2385985
0.2771535
0.2781816
0.2430445
0.2684843
0.26048
0.2419218
0.2788891
0.3077177
0.3269116
0.3793348
0.3488543
0.251705
0.2556398
0.3034457
0.3175773
0.2879403
0.3234454
0.3258848
0.2874132
0.2942638
0.3276753
0.2603563
0.2715188
0.2276698
0.2051684
0.2781979
0.2579266
0.3015891
0.3011933
0.314129
0.2231294
0.2918669
0.3481402
0.363881
0.2942328
0.2804713
0.3102998
0.3193094
0.3480077
0.3336279
0.3466641
0.2593628
0.308642
0.2984862
0.3304863
0.2954293
0.3133425
0.3593882
0.3308863
0.3461619
0.3120777
0.340338
0.3066031
0.3227855
0.3634991
0.3543069
0.3112159
0.3629881
0.4105198
0.4192002
0.455516
0.4035956
0.355402
0.3847543
0.4052158
0.3661766
0.3117302
0.3219295
0.298252
0.2814754
0.286845
0.2809855
0.2848529
0.2740581
0.3327423
0.2280843
0.1953465
0.212644
0.2156717
0.2252281
0.3223301
0.2794156
0.2640573
0.3567513
0.2900723
0.2204951
0.2718232
0.3027016
0.2328697
0.1870844
0.1859508
0.19275
0.1763174
0.1457271
0.161304
0.2355318
0.3340434
0.3211524
0.3410828
0.3097938
0.333444
0.3142029
0.3225509
0.2944476
0.2769516
0.3321093
0.3252284
0.2748888
0.2977293
0.3109371
0.3185963
0.3233151
0.2946601
0.1936362
0.2285219
0.2180708
0.2050599
0.2466898
0.2334965
0.2520863
0.222592
0.263067
0.2916371
0.2988926
0.365468
0.3974987
0.4449313
0.4803297
0.429884
0.34934
0.3406928
0.2936693
0.331711
0.3760137
0.4102072
0.4293475
0.4030832
0.3596585
0.3507584
0.3872042
0.3633424
0.350083
0.3362915
0.3320956
0.3262845
0.3216342
0.3317877
0.3132124
0.285175
0.265601
0.316832
0.3436896
0.3526165
0.3463807
0.4382762
0.4216306
0.4270665
0.3802253
0.3837555
0.3986259
0.3460344
0.3443817
0.3332616
0.3562468
0.3612967
0.3578222
0.3314901
0.3791124
0.4103534
0.3478086
0.3412473
0.3267694
0.3053843
0.3612406
0.3997674
0.2869034
0.3301229
0.3684245
0.3383551
0.360694
0.3806919
0.3343551
0.2984499
0.2585255
0.2608628
0.2157709
0.2433158
0.2140632
0.2089261
0.2137907
0.1768673
0.1325513
0.2006185
0.3089778
0.2874945
0.2858168
0.3324491
0.3956381
0.3620512
0.3421755
0.2473593
0.2442799
0.2214726
0.2107502
0.1579192
0.2519284
0.2106294
0.271101
0.279588
0.2329245
0.274829
0.2794755
0.317029
0.3201384
0.3117403
0.3125183
0.2588257
0.298699
0.3273213
0.3675573
0.348964
0.3322807
0.3746574
0.3133346
0.3604762
0.3509576
0.2878282
0.3113897
0.3248368
0.3507969
0.3148599
0.3138578
0.2982081
0.2771583
0.3012366
0.3253932
0.2467488
0.312214
0.238933
0.2489531
0.2926289
0.2257197
0.2356408
0.2461679
0.2519369
0.2844287
0.2737286
0.2546009
0.3332251
0.3373359
0.34221
0.2592335
0.2987138
0.3256873
0.2774086
0.2981014
0.3301164
0.2746342
0.281186
0.283825
0.2952192
0.3398842
0.2751504
0.2163094
0.1550474
0.1598648
0.1476765
0.1859834
0.2092552
0.2436564
0.2646933
0.2015735
0.2322407
0.2371037
0.2544395
0.2305499
0.2131256
0.2384389
0.2825487
0.2949229
0.3285929
0.3129809
0.2924058
0.3343898
0.3029137
0.2994573
0.3086876
0.3453758
0.3550097
0.3084564
0.2448943
0.2810988
0.3143438
0.3088282
0.2931558
0.2877832
0.2032469
0.2910684
0.33341
0.3269267
0.3557848
0.2954431
0.2583525
0.2074914
0.2656016
0.2677994
0.2329546
0.2817404
0.2797539
0.2891609
0.3512959
0.4251973
0.3734765
0.411785
0.373584
0.2575118
0.278815
0.2650957
0.3023151
0.3124957
0.3381465
0.3446369
0.3514629
0.3611987
0.4246155
0.4371092
0.4222972
0.4101882
0.3530559
0.3406872
0.3774218
0.3336578
0.2967288
0.3166114
0.2571386
0.2325336
0.266181
0.2963359
0.3428345
0.3250161
0.3392587
0.3247241
0.2197414
0.2046182
0.2254586
0.2202179
0.3266575
0.3132039
0.3298535
0.3230845
0.3702244
0.3584985
0.3503326
0.3324004
0.407694
0.3236122
0.3476281
0.3805451
0.4305107
0.4104952
0.4296129
0.3939337
0.3837516
0.3250282
0.2768165
0.2494742
0.2299898
0.2480452
0.3053886
0.2819717
0.2612733
0.2634505
0.2959719
0.3433593
0.3944276
0.3679496
0.3808371
0.3416944
0.3690084
0.3484366
0.3894064
0.3487676
0.3185587
0.2563583
0.1650115
0.1673116
0.1790159
0.2436054
0.2462152
0.3257912
0.3821554
0.344962
0.3357197
0.2744888
0.3533222
0.3482804
0.3023566
0.3233478
0.414808
0.3988486
0.3048479
0.2851294
0.2922882
0.3170787
0.3224622
0.2651417
0.2480219
0.2414272
0.2582756
0.3005085
0.2775806
0.1673159
0.3366671
0.2970358
0.3676821
0.344425
0.3787494
0.3743739
0.3612176
0.3570803
0.32841
0.2561361
0.2719878
0.2901186
0.2845138
0.2923778
0.3077125
0.3430864
0.3629788
0.3008842
0.3295979
0.3250225
0.3223499
0.2889191
0.3013371
0.3353136
0.3306207
0.364721
0.3827432
0.3799647
0.3795707
0.3735045
0.3527138
0.3277111
0.3144595
0.3031591
0.243654
0.2043718
0.2228286
0.235985
0.2412495
0.2888045
0.2977823
0.2668065
0.2784888
0.349416
0.3233963
0.3375899
0.3063799
0.2950826
0.2437006
0.2482863
0.2859156
0.314612
0.33217
0.3588596
0.3887165
0.3641446
0.3316304
0.3585244
0.2912295
0.2584254
0.294276
0.2581726
0.2700985
0.3107341
0.2880959
0.2890504
0.306499
0.249437
0.2333792
0.2369261
0.2994733
0.2365338
0.2356559
0.2423846
0.2120989
0.2513912
0.3024946
0.297097
0.3064355
0.2850171
0.3685932
0.3184173
0.3389185
0.3195036
0.3124572
0.3023556
0.3682811
0.3609328
0.3911145
0.3609778
0.3438463
0.3254243
0.3869835
0.4349747
0.4332019
0.4285988
0.4486004
0.3877255
0.4137221
0.3194835
0.3207872
0.2783706
0.3172326
0.2511654
0.2864212
0.285713
0.2556877
0.2261225
0.2122293
0.2152372
0.2066279
0.1927037
0.2110232
0.2275727
0.2097963
0.2072824
0.1721158
0.1360336
0.1836362
0.1220239
0.1517959
0.2121955
0.2325419
0.2373515
0.3214048
0.2698262
0.2577026
0.2306666
0.2151121
0.2390902
0.2350607
0.3198789
0.2643504
0.275327
0.2392788
0.2092975
0.2015689
0.3115414
0.288293
0.2769755
0.2851663
0.226641
0.1608233
0.1847529
0.23861
0.2132071
0.243194
0.2381222
0.1730357
0.1674731
0.1598569
0.2586896
0.2560436
0.3181223
0.3201072
0.341755
0.3572762
0.3087805
0.3271458
0.2338915
0.3023867
0.2792156
0.1701245
0.1201031
0.1514282
0.128916
0.1634965
0.2527751
0.2696497
0.3131956
0.3522311
0.3355671
0.367456
0.3992737
0.3604286
0.3104933
0.2616903
0.2589604
0.2669828
0.298045
0.2638591
0.2907565
0.3012041
0.2844576
0.2828453
0.2298664
0.2580967
0.2636178
0.2443785
0.2020097
0.2774988
0.2875852
0.2190192
0.2454658
0.3036109
0.3591273
0.3344393
0.3451006
0.2612502
0.2923485
0.3186474
0.2693482
0.2769687
0.2598612
0.2508322
0.2172887
0.3320249
0.3437241
0.3066404
0.3055463
0.2845063
0.3431964
0.3785387
0.36937
0.3736992
0.3897278
0.3360775
0.2669921
0.2431491
0.2601007
0.2425095
0.2118782
0.2409653
0.218799
0.276785
0.2883045
0.299747
0.2446964
0.2361948
0.2340887
0.2396075
0.2859592
0.3275099
0.3731664
0.3614421
0.3650018
0.3909845
0.4239269
0.4021978
0.3357848
0.3216318
0.334359
0.2212182
0.2004318
0.2477473
0.2910553
0.2406653
0.2203366
0.2375077
0.2639683
0.2535225
0.2755442
0.3025173
0.3376291
0.3578612
0.3218193
0.3152925
0.2890024
0.2752823
0.184225
0.2241644
0.3460542
0.3237925
0.3664051
0.347293
0.3559483
0.353967
0.3492944
0.2957796
0.2195263
0.2606443
0.2535572
0.2453926
0.2679451
0.268758
0.3031639
0.3323749
0.335884
0.3014152
0.3038906
0.3329475
0.3818814
0.3566902
0.3454767
0.3579746
0.3491392
0.2801796
0.2768036
0.2165036
0.2477116
0.2735931
0.3049707
0.320142
0.3449318
0.3443736
0.3451072
0.362677
0.3432109
0.3471966
0.2816816
0.2770604
0.2750887
0.2805311
0.2475927
0.2519217
0.3106973
0.3084435
0.2974679
0.3066838
0.3334992
0.3888671
0.3292936
0.3250241
0.2679875
0.3616933
0.3424447
0.3289548
0.3102144
0.3554509
0.30643
0.2731006
0.2883224
0.3126266
0.2848059
0.2126881
0.3594521
0.3526711
0.2762193
0.2895801
0.2898664
0.2621679
0.286474
0.3399524
0.3258006
0.3070158
0.3130641
0.3404861
0.3020047
0.2824263
0.2984164
0.2858817
0.2184179
0.2267485
0.2141119
0.1803374
0.1576097
0.1891886
0.2664616
0.328841
0.2775282
0.2807538
0.3521452
0.3690499
0.3584239
0.296773
0.3186543
0.2729151
0.2516935
0.3681601
0.3420604
0.3090088
0.2832944
0.3147399
0.4012342
0.3524659
0.2867293
0.2895798
0.2722872
0.3792961
0.321483
0.2687095
0.2655638
0.2709161
0.24178
0.2647132
0.26916
0.2833365
0.2887442
0.3203983
0.3245561
0.2977054
0.2912041
0.3008696
0.2829786
0.2939176
0.2793318
0.3084484
0.3689945
0.2812065
0.2623316
0.2502847
0.2720896
0.2841021
0.3424225
0.3254081
0.2754529
0.2405544
0.2157188
0.2448237
0.3741301
0.3817941
0.3025902
0.3634877
0.3778524
0.3943918
0.3255209
0.3460511
0.3642866
0.3754189
0.3309934
0.3333432
0.4041438
0.4445712
0.3726369
0.3389459
0.3441712
0.3842446
0.3977845
0.381115
0.4047176
0.4575606
0.4807926
0.4742759
0.4347326
0.3829339
0.3721078
0.3328529
0.3190079
0.3350744
0.3274016
0.3000712
0.3529898
0.3443511
0.3323939
0.2825802
0.292135
0.2785087
0.2831349
0.2554896
0.2060938
0.277199
0.2254828
0.286864
0.2648956
0.3190516
0.3502634
0.3647183
0.3593725
0.3462866
0.3403247
0.3142239
0.3059838
0.2946175
0.2210806
0.1892467
0.2946875
0.2985829
0.2283594
0.2095384
0.2017533
0.3189493
0.2866017
0.3032044
0.345114
0.3776457
0.3548193
0.3200512
0.3120224
0.2275654
0.2478385
0.2924466
0.2728143
0.2961983
0.2877476
0.2500852
0.2515891
0.2929524
0.2372729
0.2122152
0.1414993
0.1575843
0.175889
0.2237833
0.2641163
0.2595732
0.2142692
0.1655736
0.1930108
0.2267255
0.3223878
0.3304791
0.2599265
0.2781721
0.3310864
0.3026112
0.3345534
0.3165926
0.3206785
0.334867
0.2566551
0.3166067
0.3775514
0.3151352
0.2961723
0.2543177
0.202267
0.2374559
0.2711245
0.2930316
0.2778034
0.2387707
0.1689206
0.1666703
0.2335562
0.2349748
0.2708934
0.2658095
0.259892
0.2376828
0.2848939
0.3102072
0.3286924
0.2645739
0.2653313
0.3072999
0.329278
0.2555001
0.2225572
0.2496376
0.2800181
0.2976934
0.3305627
0.3207251
0.3096162
0.2859342
0.2940562
0.2794699
0.3138459
0.3484432
0.3406642
0.3890606
0.3671592
0.3364005
0.2842967
0.2815664
0.2521441
0.2737533
0.2717308
0.2946754
0.2533352
0.3082295
0.2537205
0.2639183
0.2831925
0.2865541
0.3204617
0.2751891
0.2550022
0.2645109
0.272759
0.2565039
0.2374617
0.2115128
0.3023886
0.3481955
0.2922591
0.2901648
0.2484003
0.2621991
0.277748
0.3126651
0.3454833
0.3765146
0.4121187
0.3896378
0.4131633
0.3364745
0.360665
0.3681446
0.3754795
0.4255059
0.340205
0.3423856
0.3975012
0.441085
0.406913
0.407266
0.3634231
0.3038421
0.3454889
0.3174576
0.3230269
0.3824497
0.4046316
0.4132702
0.4019188
0.3798447
0.3752074
0.269579
0.2807263
0.2409104
0.2503459
0.2633224
0.2625867
0.2699757
0.273176
0.3327871
0.2921887
0.3594109
0.2744159
0.2813529
0.1745737
0.1676141
0.2140762
0.2398437
0.2587269
0.3183502
0.3017201
0.3623068
0.2787542
0.3529583
0.3505437
0.354631
0.2564401
0.1738333
0.2570169
0.3144999
0.2773656
0.2081411
0.1534985
0.1556156
0.1474489
0.1583083
0.2394101
0.2861357
0.1526756
0.1922678
0.214846
0.1584467
0.226307
0.3345806
0.2906253
0.2557161
0.2361425
0.2265273
0.1822775
0.2244983
0.1731858
0.2538408
0.2635186
0.3610627
0.2846279
0.2044288
0.2309217
0.3230108
0.312456
0.1964831
0.2232558
0.2730281
0.2918779
0.295093
0.2556675
0.2244606
0.2632254
0.2800496
0.2512339
0.2928624
0.2877887
0.2865653
0.2442771
0.2623708
0.2613359
0.2478918
0.2196943
0.2404648
0.2531875
0.3199874
0.2469018
0.2245241
0.1958214
0.2490463
0.3476523
0.3304604
0.3436799
0.2282738
0.2823374
0.2470209
0.3337945
0.303705
0.2841103
0.2452541
0.2254488
0.2454089
0.2771261
0.2942017
0.356571
0.3572614
0.3226092
0.3256025
0.2894855
0.2554407
0.2096486
0.2363742
0.3040254
0.2260775
0.2813714
0.3496506
0.2548191
0.3450966
0.3637019
0.3108704
0.2832203
0.2825207
0.2431875
0.2591516
0.2473874
0.2288684
0.2544199
0.2646141
0.2533687
0.3029496
0.3276182
0.2405408
0.2937928
0.2253363
0.2914666
0.2656537
0.1965562
0.1889022
0.2307504
0.2293226
0.2572622
0.2830469
0.2726206
0.3209982
0.3062475
0.2385296
0.2408049
0.2483128
0.3451972
0.277559
0.2390766
0.2589239
0.217166
0.2049953
0.2311428
0.1852994
0.2084447
0.215692
0.242088
0.3145362
0.3393197
0.3408841
0.4130938
0.38041
0.3677115
0.2419938
0.2589246
0.2214533
0.2211114
0.281976
0.2944602
0.3167024
0.2462603
0.2482141
0.2882521
0.3307537
0.356062
0.3060094
0.2749961
0.2388096
0.2007323
0.3780608
0.3862059
0.3747041
0.2999301
0.3574479
0.2574052
0.2834951
0.2994491
0.2995539
0.3638532
0.3117918
0.3312407
0.2967009
0.3143583
0.3810421
0.3921687
0.402951
0.4023252
0.4143784
0.401474
0.3340517
0.3538512
0.3729977
0.3378267
0.3472599
0.2827709
0.3184317
0.3076218
0.3144168
0.337233
0.3924474
0.358508
0.3098525
0.3131759
0.3090016
0.3194862
0.2891196
0.2551008
0.2581173
0.2379997
0.2332064
0.2471122
0.2632501
0.3662992
0.3376758
0.3285336
0.3480085
0.3266274
0.3502098
0.3570064
0.3857076
0.3697836
0.3430323
0.30414
0.3253014
0.3144898
0.2719216
0.2334052
0.2868561
0.2677811
0.2882463
0.2280169
0.3841649
0.3721354
0.3363934
0.2981583
0.2503299
0.2528876
0.238112
0.3120339
0.2688909
0.2655315
0.3482342
0.3950623
0.447248
0.4018535
0.3777535
0.4021006
0.3386619
0.2687627
0.3135419
0.302952
0.2765488
0.2565996
0.2588994
0.2235011
0.1906448
0.1975395
0.1910365
0.1347401
0.1830774
0.2481283
0.167282
0.1886341
0.2534814
0.2553577
0.2529531
0.2811778
0.2920643
0.3294134
0.344217
0.3551356
0.2936113
0.3152232
0.2924294
0.2888659
0.3208109
0.316367
0.3078378
0.3879609
0.385373
0.3026996
0.2747298
0.2592277
0.2918826
0.3374225
0.3555432
0.3907333
0.3628729
0.3068738
0.3235042
0.3140439
0.3410229
0.300404
0.2955499
0.2676623
0.2288749
0.2543388
0.2399845
0.2016033
0.1873783
0.1902275
0.2081108
0.1937402
0.2216117
0.2863603
0.3115699
0.3193039
0.3133267
0.3174061
0.2325255
0.2434557
0.1871909
0.2702329
0.2479709
0.2696237
0.2986042
0.3499183
0.3510394
0.4165208
0.4104704
0.4379238
0.4235367
0.4430316
0.4304231
0.4311267
0.3688589
0.3568321
0.3330869
0.3193368
0.245268
0.2641362
0.2832657
0.274904
0.3258682
0.3708183
0.4000108
0.408128
0.3672915
0.3324557
0.2853085
0.3120839
0.28256
0.1834797
0.2226166
0.1600081
0.182884
0.2197102
0.2657109
0.2936506
0.3244325
0.3779687
0.4114772
0.4343306
0.4457904
0.3861289
0.34582
0.3183878
0.3299233
0.2735673
0.2554378
0.238951
0.2927777
0.242289
0.2836264
0.3084907
0.2891888
0.2643203
0.2483626
0.2132311
0.2688123
0.2459465
0.2306076
0.2782862
0.2774405
0.3282327
0.2947253
0.2436785
0.2720729
0.378673
0.3710593
0.2977374
0.193879
0.2293412
0.2381406
0.2571965
0.2496724
0.2541389
0.332483
0.3658481
0.4172407
0.3716288
0.3806312
0.3865304
0.3921957
0.3946225
0.3766051
0.3896121
0.3874245
0.4053104
0.3791806
0.3667388
0.3553764
0.3276055
0.3697185
0.3321041
0.3134497
0.2474455
0.3049115
0.3248384
0.3479614
0.3375803
0.3294729
0.2380371
0.269997
0.3314278
0.3159913
0.3467268
0.3394029
0.3509797
0.3429882
0.3670338
0.3804247
0.3509595
0.2953867
0.3108445
0.2610159
0.2774856
0.2518687
0.2165606
0.2552565
0.2623034
0.2812851
0.2925655
0.2493975
0.3170148
0.2698253
0.2355355
0.245761
0.2517429
0.2638596
0.276775
0.2348618
0.2258454
0.2508728
0.1908094
0.1718076
0.1532124
0.1541027
0.2048723
0.241807
0.2480478
0.2318223
0.2304623
0.2087451
0.3386002
0.3522118
0.3421125
0.3144409
0.2650041
0.2589173
0.285793
0.3514286
0.3811626
0.3438485
0.3427968
0.3319762
0.3688306
0.3610683
0.331112
0.2646125
0.256623
0.2318967
0.2324106
0.2409028
0.2469696
0.3083467
0.2973609
0.2684233
0.334651
0.2584295
0.2408902
0.2805118
0.259286
0.2353714
0.2459578
0.2470654
0.2505967
0.2862507
0.2937527
0.2899935
0.2237608
0.2399166
0.2353582
0.2055629
0.208814
0.1774359
0.2513372
0.1853207
0.2285817
0.2481815
0.2856354
0.2412443
0.2482478
0.2731574
0.332174
0.3873926
0.3383048
0.3192917
0.328739
0.2843057
0.2738379
0.3341727
0.2721244
0.2234791
0.2524863
0.2532088
0.2408873
0.2645663
0.2681767
0.2821958
0.2901337
0.3129096
0.3080536
0.2820565
0.306036
0.3316034
0.3180331
0.3314371
0.3261745
0.3554522
0.378009
0.3412685
0.3557481
0.324921
0.3109547
0.2875719
0.3055141
0.3625178
0.3124275
0.3429229
0.313816
0.3062563
0.3003326
0.3167098
0.2785028
0.2629679
0.3213222
0.3171701
0.3168648
0.3577667
0.3462412
0.3281912
0.3566828
0.3389643
0.3546372
0.406412
0.3865978
0.369257
0.3921031
0.4321795
0.3416078
0.2911123
0.3170253
0.2865925
0.313067
0.2931183
0.2755984
0.2654952
0.2936574
0.3036767
0.3352899
0.3702483
0.3324226
0.349301
0.3284608
0.3761372
0.4145741
0.4081355
0.4507296
0.4202598
0.3861498
0.4074407
0.418634
0.4171691
0.4122705
0.429731
0.4116287
0.3834843
0.3871009
0.3542174
0.3946013
0.3684323
0.3504413
0.364703
0.3159813
0.2947361
0.2825225
0.2514166
0.2786375
0.28431
0.2904548
0.2721289
0.2693099
0.3359024
0.2731521
0.2826138
0.2988201
0.4028501
0.3997997
0.2975915
0.2721359
0.2591855
0.2800527
0.3260934
0.3452032
0.3924443
0.3801378
0.3345341
0.3531653
0.340396
0.3545418
0.386692
0.3608486
0.3852567
0.3552644
0.3927886
0.300578
0.3237419
0.3117908
0.2775926
0.2349312
0.210203
0.2118547
0.2418299
0.2509616
0.2045461
0.2250918
0.2826708
0.2333671
0.2451361
0.2127989
0.2383975
0.2473207
0.2334785
0.3113
0.2821972
0.2618772
0.2800625
0.2614766
0.2576445
0.3025564
0.2912114
0.2631201
0.2206604
0.2273397
0.2676973
0.3127806
0.2970581
0.3191718
0.2757834
0.2804903
0.323567
0.2909336
0.2942846
0.3317065
0.2386116
0.243933
0.3176272
0.2831545
0.3322496
0.3206975
0.3029388
0.3022426
0.3107583
0.3363783
0.3495688
0.3940808
0.3569441
0.3656049
0.3697965
0.3403143
0.3382194
0.355601
0.2483471
0.2268487
0.208339
0.1853378
0.2032401
0.2188797
0.2529993
0.2341296
0.2951192
0.3077041
0.2751199
0.2485757
0.2811772
0.2794372
0.279993
0.2666827
0.2752509
0.2746239
0.3223793
0.3473804
0.3078225
0.310975
0.3168955
0.3920432
0.4171375
0.3923539
0.3523009
0.3369875
0.3628411
0.4294106
0.4074334
0.381594
0.3370878
0.3110836
0.3408389
0.3091047
0.3076135
0.3537801
0.3679864
0.3390237
0.3488661
0.3567624
0.3798141
0.4057408
0.3898849
0.3607935
0.2933269
0.2512178
0.2471334
0.3175351
0.3105804
0.2958326
0.3046929
0.3390052
0.3274221
0.3041548
0.3255945
0.2862353
0.2993418
0.2877407
0.2581456
0.2205226
0.2444003
0.2559958
0.262798
0.2524088
0.1987819
0.2868234
0.2540006
0.2580419
0.2478594
0.2637522
0.2993488
0.3016247
0.3187558
0.3879914
0.3912129
0.4027243
0.3396109
0.3366649
0.3541914
0.3321187
0.3582708
0.4031052
0.4435341
0.4302668
0.3965815
0.436087
0.437487
0.3970099
0.3924025
0.386923
0.3651851
0.333973
0.3514282
0.3220238
0.2950388
0.3367401
0.3350444
0.3076324
0.303124
0.263845
0.3251047
0.3359433
0.3506439
0.3647675
0.4150681
0.3667308
0.3354417
0.3535988
0.3013424
0.3487971
0.3236811
0.3393534
0.4115489
0.3888606
0.3793956
0.3844717
0.3838156
0.3639822
0.3527526
0.3613564
0.3231852
0.3677678
0.3795033
0.3639715
0.2862922
0.3259485
0.3323519
0.2836666
0.3163007
0.3220552
0.2948413
0.2068508
0.263438
0.3171864
0.3043489
0.3593152
0.3101405
0.3069695
0.3024442
0.2124111
0.1725511
0.2247351
0.2636513
0.3413236
0.3682559
0.3082388
0.3230236
0.2993542
0.3573261
0.3453827
0.3962022
0.3653691
0.4064288
0.3630154
0.4090949
0.4339226
0.4150722
0.3780241
0.3366897
0.2516634
0.2412817
0.2281922
0.2290167
0.2376957
0.2856544
0.2640943
0.2726013
0.219111
0.2474388
0.2307189
0.2050695
0.3113815
0.319245
0.2632965
0.3341023
0.4129942
0.343423
0.3753457
0.3249505
0.2794062
0.3075274
0.3644008
0.336625
0.2855146
0.2435436
0.3678986
0.3431701
0.2814312
0.2700145
0.3566761
0.3122679
0.3179254
0.3165683
0.3114663
0.3552248
0.317296
0.3360684
0.3065245
0.2939143
0.2687941
0.3316915
0.3290242
0.3179896
0.2562476
0.2067368
0.2310349
0.1736838
0.2013999
0.1743405
0.1985732
0.2538686
0.3015226
0.3230101
0.3506224
0.346738
0.3337079
0.3401609
0.3442613
0.2580829
0.3165898
0.3267817
0.240491
0.273183
0.3084112
0.3284748
0.2910688
0.3706957
0.3075724
0.3275698
0.4001566
0.3733874
0.3671371
0.2696782
0.220349
0.240372
0.192964
0.2305933
0.2238133
0.3056387
0.2786986
0.3307394
0.2896135
0.2693689
0.2837388
0.2957991
0.2954629
0.3064707
0.3120356
0.2969638
0.2057161
0.1636433
0.2164757
0.1917363
0.2616136
0.2473115
0.2991181
0.3095774
0.2589695
0.2450618
0.2736268
0.3025302
0.248549
0.2620986
0.2516437
0.3069576
0.3324558
0.3219961
0.2716623
0.2650031
0.3246469
0.3414945
0.3248053
0.3319954
0.3026403
0.2562509
0.2478135
0.2744701
0.2847943
0.2734365
0.2791397
0.2912223
0.2817764
0.2254161
0.1870649
0.1451177
0.136226
0.2106411
0.24433
0.3378541
0.2706359
0.2972861
0.3105056
0.356749
0.2992709
0.2944338
0.2899263
0.3128378
0.2902235
0.3047976
0.3034575
0.2458549
0.2441892
0.3089767
0.2668609
0.2598186
0.2872497
0.367346
0.3544114
0.3503536
0.3251387
0.274207
0.263471
0.251768
0.2790546
0.2891241
0.2341866
0.2222432
0.2585214
0.2386389
0.3382994
0.3253311
0.315356
0.3690841
0.3771225
0.3885921
0.3470557
0.3948982
0.3586048
0.3525477
0.2872155
0.3383848
0.3245086
0.3814593
0.4093257
0.3049663
0.2768675
0.3022716
0.364771
0.3415782
0.3148475
0.3210597
0.3156539
0.3259864
0.3500009
0.314916
0.2839855
0.2869511
0.2626285
0.2812725
0.3450372
0.340984
0.3442191
0.3125777
0.3210404
0.2218946
0.2293346
0.2405707
0.2204566
0.2488285
0.2762465
0.2859443
0.3163457
0.288279
0.2875188
0.2875486
0.2574722
0.2411556
0.2227113
0.1938941
0.2476107
0.3244299
0.3215355
0.4608309
0.4533935
0.4003544
0.3953567
0.3386459
0.256648
0.3035787
0.2865733
0.314886
0.2553552
0.2301085
0.2407826
0.1746199
0.160234
0.229379
0.3177577
0.2515068
0.3188903
0.2799392
0.2723094
0.2870921
0.2848731
0.232336
0.2881399
0.3218548
0.2885201
0.3012028
0.2304095
0.2499929
0.2329709
0.2268369
0.2618851
0.1889226
0.2837555
0.2924473
0.2680941
0.2557308
0.2388553
0.250823
0.1898035
0.1434397
0.1914528
0.2350532
0.1846522
0.2129978
0.2908442
0.2801656
0.2005744
0.241222
0.2802863
0.2945923
0.3407986
0.3177221
0.2812409
0.274084
0.3489794
0.3313497
0.3302978
0.2714348
0.2607231
0.2550809
0.2857481
0.2313476
0.2129064
0.2772612
0.2723119
0.2803328
0.3570616
0.362763
0.3403976
0.3685246
0.3830676
0.2736712
0.2460011
0.2841279
0.2486489
0.3027653
0.2613805
0.2510087
0.2697397
0.3342807
0.286985
0.3404247
0.280799
0.2008342
0.2173478
0.2243545
0.1793464
0.2812105
0.2487524
0.2534495
0.2252613
0.2413579
0.2830054
0.2619112
0.2839076
0.2910466
0.2696429
0.2612646
0.2655771
0.3131008
0.3940779
0.4171843
0.4202952
0.3606988
0.3520254
0.2865811
0.2299776
0.3038839
0.2670257
0.2894474
0.2740859
0.3283106
0.3787215
0.3549538
0.3258838
0.3377973
0.2964031
0.3213105
0.310376
0.3217894
0.3216237
0.3291109
0.3239444
0.2944226
0.2824649
0.3108406
0.3778474
0.3671229
0.3437327
0.3698381
0.3347835
0.3288919
0.3358207
0.2775551
0.2998858
0.3382376
0.2882174
0.2779852
0.287517
0.30647
0.25779
0.3029976
0.2882167
0.3058082
0.3138812
0.3116573
0.3208914
0.305798
0.2521019
0.2671064
0.3469346
0.3183849
0.3155448
0.2962124
0.3470333
0.38064
0.3600858
0.3003524
0.3395183
0.3643002
0.3884603
0.3871613
0.3194124
0.3256688
0.2991905
0.2439094
0.2315459
0.2227173
0.2015114
0.2847457
0.245125
0.2300628
0.2223261
0.1962535
0.240307
0.2562968
0.2866885
0.2526777
0.2380378
0.2619672
0.2320541
0.2837634
0.266444
0.2860749
0.3011169
0.2432763
0.2678859
0.3056677
0.3056989
0.3104551
0.3276814
0.3360221
0.3325547
0.3291512
0.2668633
0.2570009
0.3236495
0.38468
0.301853
0.3261009
0.3329656
0.2916214
0.277162
0.3201214
0.2939793
0.3429553
0.2434971
0.2637777
0.2491529
0.2940077
0.2537008
0.2619621
0.2919487
0.285651
0.2101854
0.3154609
0.4119525
0.4751568
0.4207291
0.3868402
0.3582998
0.3643854
0.4475027
0.3763366
0.3265755
0.3239496
0.3068031
0.2921676
0.214859
0.2140332
0.2524092
0.2164733
0.2083246
0.2678975
0.2893645
0.3746226
0.3814571
0.4065436
0.3375756
0.2619618
0.3145321
0.2890425
0.2800419
0.2920628
0.365461
0.4147373
0.3477959
0.3297439
0.3154956
0.2398357
0.2717367
0.3170563
0.2741712
0.3101621
0.2302841
0.2144025
0.2165123
0.2739628
0.2603414
0.2815349
0.1593466
0.2153908
0.204954
0.1311169
0.1643995
0.1603696
0.2020098
0.210825
0.2308593
0.2354005
0.3075539
0.2799665
0.2211663
0.181738
0.2092967
0.284913
0.27691
0.2919214
0.2374387
0.2279257
0.2237987
0.2353183
0.2815568
0.2450035
0.2883087
0.3112987
0.3440795
0.2949806
0.2471072
0.343504
0.2690471
0.2947479
0.3581792
0.2992925
0.2319282
0.3414754
0.3692417
0.4414879
0.3782362
0.3210417
0.2636861
0.2984305
0.3364531
0.2908611
0.2285112
0.2099411
0.2443718
0.2651017
0.3006198
0.3285847
0.3383674
0.3246892
0.3667823
0.4026498
0.4053783
0.3770738
0.4046685
0.3581606
0.277707
0.2865033
0.260167
0.2978693
0.3287923
0.2803731
0.3378995
0.3199368
0.3549195
0.3598079
0.3665453
0.3552308
0.3082487
0.3344523
0.3158385
0.2705916
0.2728172
0.2344892
0.2634424
0.284164
0.3233802
0.3561414
0.3910794
0.3617277
0.402164
0.3825801
0.3373335
0.3638143
0.3691095
0.3956714
0.4261623
0.4071152
0.3759264
0.3721432
0.3649263
0.3812611
0.3865682
0.3886009
0.3863147
0.3081388
0.308783
0.2286296
0.2435828
0.3010985
0.2752316
0.2537701
0.2815986
0.2622373
0.2659816
0.2576266
0.2491728
0.1426261
0.1815106
0.3017667
0.3003607
0.2984604
0.2463121
0.2527772
0.2307334
0.1440692
0.2226049
0.2415906
0.2752986
0.3275194
0.3718627
0.3765655
0.3578922
0.3380643
0.3389558
0.3426144
0.3135528
0.3224426
0.2764294
0.3240108
0.2551285
0.2759738
0.3038221
0.3266019
0.3487797
0.253151
0.2965966
0.3151232
0.2046957
0.1757285
0.1925285
0.1919609
0.1619122
0.2031466
0.2281578
0.2002661
0.2901339
0.2651174
0.2735447
0.2095565
0.225588
0.2620499
0.3042219
0.3267781
0.3529653
0.3593951
0.3522708
0.3356984
0.3142732
0.2616513
0.3150945
0.2851981
0.2963776
0.333922
0.3409818
0.3286005
0.3281104
0.2856424
0.2225555
0.2835979
0.2742156
0.3203684
0.3163668
0.266442
0.3019556
0.2964772
0.2716779
0.2579469
0.2693543
0.2801685
0.2924952
0.3011976
0.3150025
0.2799758
0.2530716
0.2171994
0.2528066
0.2533368
0.2472046
0.2658957
0.2215045
0.2580444
0.2131044
0.2256672
0.1757956
0.1747344
0.2609965
0.2974877
0.359758
0.3580202
0.3201318
0.3168728
0.3836295
0.3743537
0.3767979
0.3519701
0.391639
0.424829
0.3382725
0.3454822
0.3326015
0.2990359
0.3032951
0.2710581
0.2717915
0.3040763
0.2705367
0.2473166
0.3113891
0.3092389
0.3356813
0.2230814
0.2152539
0.2264572
0.2259519
0.2650144
0.2880916
0.1916173
0.232027
0.2399992
0.2903435
0.3056733
0.3768575
0.3847055
0.3835512
0.3835359
0.363832
0.3002812
0.29277
0.2827327
0.317254
0.3046752
0.2413733
0.1392728
0.1657321
0.1577001
0.1959744
0.205404
0.2197941
0.3016131
0.2998226
0.318876
0.3421945
0.2687222
0.2720848
0.3184061
0.2240182
0.2708199
0.2987051
0.280914
0.2912689
0.270953
0.2619736
0.2618
0.2191905
0.228913
0.3034962
0.2666391
0.308348
0.3006895
0.3242507
0.253519
0.2868741
0.2297636
0.266867
0.3140672
0.2605918
0.2594338
0.2504764
0.2542892
0.3458851
0.3405785
0.3635344
0.3610079
0.3396873
0.3277498
0.3526837
0.35276
0.368906
0.2630933
0.2578451
0.3703698
0.3836403
0.3980236
0.4515667
0.4436575
0.4002708
0.3803981
0.3870122
0.3513885
0.2611112
0.2492764
0.2251079
0.2493477
0.2919352
0.2971058
0.2897393
0.3088755
0.3349539
0.2713754
0.2520227
0.2274552
0.2214133
0.247581
0.249166
0.2872903
0.2752119
0.319528
0.3574716
0.4097358
0.4259973
0.4153197
0.3591141
0.3199733
0.2980506
0.3040606
0.2953508
0.2213183
0.2036816
0.2729214
0.2721683
0.2303378
0.2107728
0.2429986
0.2433637
0.2995899
0.3266069
0.3539492
0.3438464
0.3356556
0.3261815
0.3352592
0.3628772
0.3353281
0.3521782
0.3591742
0.3152244
0.3685682
0.3703208
0.3836613
0.3830368
0.3173922
0.3353295
0.3392183
0.3915937
0.3938009
0.4316135
0.3879446
0.3955312
0.3781428
0.3180067
0.3557026
0.3895921
0.4233978
0.3730815
0.4123043
0.3843944
0.3490112
0.2658709
0.1968243
0.1668165
0.2311504
0.2740975
0.2593918
0.2676495
0.285111
0.2702074
0.2303898
0.3023107
0.3264889
0.3089245
0.3011999
0.2676379
0.2837778
0.2382728
0.3166496
0.3915224
0.4344325
0.3642169
0.3514696
0.338077
0.3361562
0.2734524
0.2665963
0.2749546
0.2787496
0.2710386
0.296431
0.2745163
0.276879
0.2295595
0.1798124
0.2048529
0.2690055
0.2163114
0.2158033
0.2128534
0.2606059
0.2587685
0.3350022
0.3322299
0.3533639
0.304093
0.1962936
0.2964404
0.2440952
0.1708857
0.2760849
0.2232919
0.2235306
0.1923191
0.1868889
0.2722764
0.3150295
0.2982134
0.2493733
0.2740931
0.2557052
0.2706404
0.3371329
0.3117636
0.2869975
0.2845307
0.3066617
0.3021166
0.3139994
0.3526317
0.3860046
0.3465432
0.3416205
0.3042752
0.2700947
0.2843027
0.2764728
0.2515301
0.2273388
0.2812795
0.3149018
0.2706503
0.2904689
0.33097
0.3921138
0.3703173
0.3156668
0.3431497
0.2851683
0.2730091
0.2081972
0.1815803
0.1557313
0.2092018
0.223761
0.2271925
0.2644642
0.3018419
0.2479253
0.2679169
0.3153376
0.3283088
0.3514561
0.3319875
0.3422032
0.3990792
0.3941642
0.3368504
0.3520867
0.3043886
0.2997351
0.3647398
0.3241143
0.3377064
0.3261481
0.2981248
0.2705249
0.2767785
0.3229864
0.3775788
0.3830162
0.37245
0.3614695
0.3569628
0.33032
0.3204987
0.2963981
0.32157
0.28455
0.2773898
0.2788186
0.3480587
0.3627529
0.3562591
0.3595789
0.4090926
0.372233
0.4180041
0.3847983
0.3621533
0.3093848
0.3651884
0.2967848
0.3049436
0.2656529
0.3021731
0.3956533
0.3115539
0.2650887
0.2939721
0.2703404
0.2372187
0.2376235
0.2492026
0.2443181
0.2891795
0.3282219
0.3801378
0.3870584
0.329211
0.2807004
0.2672644
0.2163045
0.1564546
0.2776744
0.2652861
0.2872757
0.2782589
0.3101087
0.2800279
0.3154714
0.3281804
0.2936249
0.2455286
0.1972102
0.2021068
0.2352115
0.2557385
0.2331451
0.2182225
0.1878025
0.2676789
0.3057879
0.2978492
0.3303789
0.3610391
0.3909224
0.3350781
0.3324176
0.3477171
0.362041
0.3643513
0.3184282
0.3057389
0.3319132
0.3249472
0.3265636
0.3377882
0.313023
0.3702802
0.3555828
0.3470232
0.3134335
0.3141051
0.3415103
0.2745398
0.2820521
0.371599
0.3510958
0.3170671
0.3293839
0.3210215
0.323592
0.2896602
0.2469362
0.2756704
0.3464263
0.3328304
0.2587082
0.276046
0.289161
0.2996439
0.2481583
0.2509146
0.2704619
0.26415
0.3646674
0.3439556
0.3621127
0.2908497
0.2036184
0.2228411
0.2524434
0.2575751
0.2502807
0.3217264
0.2260126
0.2252899
0.1634458
0.1664771
0.2273924
0.2562989
0.2230544
0.2317628
0.2376987
0.1790913
0.1747829
0.1992884
0.1894657
0.114965
0.1645786
0.2022182
0.2556752
0.3499899
0.2502899
0.20632
0.1633948
0.2177902
0.2847806
0.2964118
0.2711967
0.3379992
0.3879334
0.3538782
0.234754
0.2302921
0.27826
0.268668
0.3364176
0.314456
0.3237887
0.2975207
0.2740343
0.316378
0.274965
0.2530562
0.2021302
0.2665211
0.2517472
0.2925043
0.1942552
0.1820791
0.1457044
0.2014264
0.2482834
0.3333955
0.3150382
0.3151544
0.3229073
0.2972131
0.2596917
0.25528
0.2881535
0.2278912
0.2549304
0.3361187
0.3643429
0.3208257
0.2820071
0.2708252
0.3067779
0.3617481
0.2993922
0.252443
0.2255716
0.25016
0.2475394
0.2806177
0.2320517
0.2902713
0.3054511
0.3130761
0.2273762
0.2564588
0.2338471
0.1826454
0.2224767
0.3015793
0.3634247
0.3589591
0.3844589
0.3158243
0.41669
0.4486141
0.488462
0.5000604
0.4677754
0.4195367
0.4449229
0.4334687
0.4429796
0.4228782
0.4369408
0.4317006
0.3916629
0.375838
0.3019008
0.4111975
0.4061274
0.3680582
0.4162698
0.4048898
0.4196322
0.3950146
0.4052104
0.4082514
0.3404909
0.3876394
0.3832524
0.3655046
0.3939603
0.4509964
0.3853585
0.3392724
0.3440833
0.3496024
0.3396051
0.3512573
0.4066101
0.348771
0.3689649
0.3114726
0.3404128
0.3145834
0.3584468
0.3425037
0.327491
0.3133523
0.3733408
0.4573725
0.4344811
0.4029993
0.3585809
0.332034
0.3138441
0.3184979
0.3402983
0.3571386
0.3000103
0.2935293
0.3258476
0.3492786
0.3393518
0.4222113
0.3844386
0.3295654
0.3227706
0.3504352
0.379274
0.3122874
0.278401
0.2566966
0.2991493
0.321106
0.3491959
0.3952426
0.3091336
0.2941631
0.2673308
0.3068044
0.3528529
0.3096992
0.2739441
0.275124
0.2463918
0.2884898
0.2749941
0.2785249
0.2796188
0.2650831
0.2650888
0.3079828
0.3688004
0.3842438
0.4257638
0.3984288
0.3959837
0.3618604
0.3352548
0.2158685
0.1585924
0.1823323
0.0764453
0.1807821
0.194972
0.2489066
0.2447909
0.209839
0.2621165
0.3081098
0.3308594
0.3084873
0.2767545
0.254208
0.2142943
0.3251873
0.3062888
0.2474283
0.1997308
0.2571452
0.3258342
0.3653699
0.3551557
0.3843882
0.3627183
0.3621462
0.3433616
0.2908349
0.3287487
0.267953
0.2356397
0.2737109
0.2791878
0.2574713
0.2126974
0.2604359
0.1606042
0.1638582
0.2032269
0.2423753
0.2481183
0.1918002
0.2342296
0.2722498
0.266804
0.2690422
0.2930804
0.3123063
0.2833528
0.2454656
0.2750148
0.2851499
0.2550261
0.2827704
0.2076138
0.1321906
0.2280227
0.2217333
0.2115341
0.2543838
0.2210633
0.2430202
0.2711811
0.2340242
0.2567931
0.2514919
0.2525535
0.3408405
0.3098588
0.3185878
0.3251768
0.2883504
0.2813697
0.329632
0.3198329
0.3252401
0.3698034
0.3090452
0.2892324
0.313524
0.3313786
0.3627152
0.3157216
0.3273393
0.3708465
0.3499559
0.2878877
0.3382534
0.2920074
0.3258892
0.3282016
0.3562006
0.3955955
0.3833593
0.3564573
0.3568682
0.3067009
0.2563672
0.2612164
0.241456
0.3265316
0.3381668
0.3538973
0.3023279
0.2782199
0.297991
0.283616
0.2090556
0.2319351
0.2616018
0.2695893
0.2773993
0.3013026
0.3517633
0.3881163
0.3912315
0.4176196
0.3977753
0.3962911
0.3742195
0.3119452
0.2326588
0.3188773
0.3287786
0.2823793
0.3175258
0.2833434
0.2251384
0.2586606
0.3086677
0.2901405
0.2648502
0.3159378
0.2862677
0.3516486
0.3390295
0.2404141
0.2628189
0.2751716
0.2513223
0.2226475
0.2232623
0.2590095
0.2597449
0.2666481
0.2869774
0.2658584
0.209746
0.2116207
0.2275961
0.2943929
0.3104738
0.3512916
0.3131252
0.3329253
0.3628175
0.3114659
0.3108302
0.3514998
0.37523
0.3208914
0.308116
0.3084856
0.3572637
0.3684083
0.2872071
0.2930111
0.219457
0.2213647
0.2892099
0.2922069
0.2508039
0.236673
0.2775383
0.3135531
0.3065364
0.2880103
0.2398478
0.2448682
0.1961675
0.24222
0.3386447
0.3010292
0.3186429
0.3107515
0.3020234
0.2777181
0.1961728
0.2282232
0.221048
0.2553626
0.2863788
0.2368672
0.2828571
0.2966435
0.2555191
0.2284666
0.2167836
0.2384993
0.2792085
0.2923555
0.2828742
0.2623901
0.2529496
0.2386968
0.2597942
0.2665118
0.265863
0.3066948
0.2641128
0.3110027
0.3254077
0.3112229
0.3035308
0.3307774
0.3387886
0.3594337
0.2408106
0.2698391
0.2797768
0.2994895
0.3388612
0.3054179
0.2951814
0.3475274
0.3407887
0.3045428
0.3008047
0.276182
0.265127
0.2301191
0.2594328
0.286192
0.3063762
0.3074026
0.308689
0.2863679
0.2759749
0.2651092
0.2611699
0.2000771
0.2575947
0.2726585
0.2838402
0.259369
0.2366216
0.2334953
0.1942159
0.2055531
0.2310355
0.2438913
0.2171885
0.2233416
0.252791
0.1805792
0.1586122
0.1557281
0.1874412
0.219695
0.2077778
0.2460514
0.2282468
0.1695467
0.2058873
0.2095008
0.2417955
0.2295661
0.2629185
0.2189425
0.2065823
0.2007399
0.210182
0.2851045
0.3268544
0.3391922
0.4182762
0.331845
0.2739774
0.343668
0.2796112
0.2163458
0.2068481
0.2045059
0.2419372
0.3023539
0.2483321
0.3172465
0.2779244
0.2328476
0.234704
0.2641205
0.2491589
0.2820438
0.2285622
0.1976113
0.1401802
0.2414196
0.2278827
0.2633844
0.2894958
0.3537317
0.3020662
0.3222101
0.3313395
0.3511376
0.3394226
0.3731374
0.3961661
0.371079
0.3470434
0.4084606
0.3757955
0.3339589
0.3580122
0.3579719
0.3302771
0.3168679
0.3541219
0.3694885
0.3284502
0.3038414
0.3088206
0.3144298
0.3180749
0.3599936
0.3674626
0.3271225
0.3202988
0.3267663
0.3118465
0.2679484
0.2738913
0.308572
0.3191978
0.3179903
0.2866178
0.203034
0.1953308
0.1737835
0.1582354
0.2005311
0.23577
0.2509536
0.2702313
0.2990879
0.2990583
0.296535
0.4087972
0.4266399
0.3875791
0.3966071
0.3785815
0.3026373
0.32179
0.346139
0.2475596
0.236976
0.2889388
0.309818
0.2035934
0.1448359
0.1557865
0.1136318
0.1659609
0.08091127
0.1632612
0.1693987
0.1880798
0.2394005
0.2959008
0.2699685
0.3327645
0.2992069
0.3274521
0.234063
0.3134476
0.3624268
0.306684
0.2099682
0.212598
0.1899471
0.2534189
0.2448766
0.1427775
0.1594065
0.1743218
0.2612098
0.2850573
0.2472903
0.288817
0.2960233
0.3196887
0.327279
0.2461334
0.2200618
0.2053445
0.253758
0.2301881
0.2863712
0.2961057
0.3323114
0.3149675
0.3519331
0.2817024
0.2911563
0.1899791
0.1878532
0.2107173
0.2312966
0.244196
0.2361313
0.2380217
0.2257973
0.2345407
0.1884269
0.2222379
0.256832
0.2761295
0.2717737
0.2509621
0.2631439
0.3494811
0.3260383
0.3254479
0.3813516
0.3017091
0.3185705
0.3065876
0.2942194
0.319068
0.2828248
0.2844482
0.2783969
0.1813559
0.254001
0.1851168
0.2439772
0.2874945
0.2878874
0.3476757
0.384702
0.352738
0.3572006
0.300691
0.2874076
0.2454514
0.3251336
0.3883988
0.3937502
0.319379
0.3398134
0.3213063
0.3342226
0.2702544
0.2953824
0.2382698
0.2483837
0.1975978
0.1978889
0.2436414
0.2568704
0.2743661
0.2945298
0.3177839
0.3197203
0.273142
0.2914584
0.2539291
0.3357231
0.3709346
0.3473281
0.2893635
0.2793523
0.2521717
0.287728
0.2156085
0.2046737
0.1603625
0.194486
0.2842268
0.3153909
0.4189498
0.363742
0.360147
0.3769332
0.3692093
0.385691
0.335908
0.3151941
0.2438807
0.224533
0.232873
0.2657603
0.2894632
0.23288
0.2890811
0.2085492
0.215531
0.189075
0.3309519
0.3663972
0.4033242
0.3657574
0.3036291
0.2292086
0.2509336
0.2594104
0.2623946
0.3545193
0.418662
0.4163108
0.3736367
0.3669162
0.3537785
0.3660435
0.3386912
0.3233172
0.3215857
0.4108112
0.4273556
0.4546654
0.4094645
0.3900621
0.349236
0.3406344
0.3742739
0.4290125
0.3443088
0.3041385
0.2496654
0.2150643
0.2930368
0.2782478
0.2712303
0.2084473
0.1322601
0.1182251
0.1290837
0.1450758
0.1310796
0.1778813
0.2265861
0.2613978
0.249798
0.246182
0.3306604
0.3252199
0.2997502
0.2959533
0.2782849
0.3152848
0.3612417
0.3711758
0.337078
0.3055165
0.3008191
0.2693249
0.2664483
0.2871451
0.2970013
0.3096281
0.3452203
0.3250379
0.2945416
0.301571
0.324755
0.3388965
0.3297284
0.292292
0.3341884
0.3556765
0.3302298
0.340534
0.2776814
0.2883345
0.282193
0.2488968
0.2487131
0.2168827
0.2364095
0.326622
0.3591434
0.4031781
0.3003051
0.3020363
0.3101349
0.3290107
0.315043
0.338848
0.2669979
0.2584881
0.2593397
0.1829735
0.1683222
0.1899354
0.2150216
0.1994451
0.2796842
0.2581841
0.2479014
0.2120738
0.2740167
0.250203
0.311805
0.350003
0.2903838
0.266623
0.3257873
0.2369946
0.199446
0.2311835
0.2912651
0.2534162
0.3670848
0.3135068
0.4021391
0.4096899
0.4484436
0.376365
0.3707089
0.3786107
0.3261363
0.2653828
0.2362771
0.2799008
0.3059093
0.1908541
0.2216983
0.2780565
0.1906354
0.2214475
0.2012111
0.2108503
0.2442348
0.2709109
0.3550847
0.322181
0.2848869
0.2843996
0.2731976
0.310072
0.3676301
0.405033
0.2971296
0.2586023
0.2359642
0.2525369
0.270419
0.3718065
0.3341135
0.2815261
0.304695
0.3395568
0.2739551
0.3139165
0.3209832
0.2650401
0.3837782
0.3468592
0.3207011
0.2679002
0.2501232
0.2989269
0.3497577
0.2389664
0.1200376
0.2119821
0.2254829
0.2056714
0.2306201
0.2878366
0.3108344
0.3041678
0.2860035
0.2694559
0.2559538
0.31371
0.3467043
0.3307824
0.3263678
0.3685541
0.361239
0.3537616
0.2746518
0.3336809
0.336986
0.3322668
0.3278872
0.3390993
0.3117354
0.2979102
0.3540131
0.3470554
0.3743998
0.389179
0.3901097
0.3542599
0.2785948
0.2554139
0.2597369
0.3267841
0.3715111
0.320124
0.3557843
0.2928357
0.2433033
0.2142459
0.2088317
0.1569792
0.2227606
0.2272521
0.2042171
0.2278121
0.2623757
0.2768757
0.2569088
0.2787403
0.2731446
0.3124979
0.3150497
0.3437121
0.2483459
0.1301814
0.1319127
0.1340811
0.1904851
0.193658
0.2453037
0.2988672
0.3037133
0.2478265
0.2283278
0.1301552
0.2122417
0.2704517
0.3197088
0.3229247
0.3940397
0.4173194
0.4194081
0.3696145
0.3366345
0.3235302
0.3196353
0.2900003
0.3073474
0.3970478
0.4192633
0.3932547
0.3966515
0.333938
0.3172116
0.3044692
0.2547006
0.2965785
0.2759332
0.2319989
0.2158665
0.1747978
0.1969642
0.1856606
0.2084272
0.2429158
0.2550788
0.2801687
0.3228265
0.3516459
0.3670546
0.3799916
0.2862924
0.318728
0.3174832
0.2623644
0.1673353
0.1855504
0.2318459
0.2953023
0.2729751
0.2468359
0.2918815
0.3530885
0.305352
0.2634141
0.2408402
0.3178721
0.3182059
0.3399375
0.3657203
0.3422603
0.2526847
0.2563405
0.2386394
0.2865777
0.2529057
0.1714499
0.1758004
0.2792609
0.2674314
0.3061416
0.2476033
0.2390186
0.2358397
0.2554753
0.3449834
0.3493581
0.3685447
0.3640692
0.414186
0.4163999
0.3470612
0.3707837
0.4194283
0.4043928
0.3840543
0.2438483
0.2548668
0.2937867
0.2858328
0.2559375
0.2223638
0.1617124
0.207213
0.2633049
0.241913
0.2198847
0.2244722
0.1464574
0.1447665
0.2001004
0.2581066
0.2957823
0.3332897
0.3017938
0.3110604
0.3359214
0.3581709
0.3222452
0.3692654
0.3594055
0.3094485
0.2544094
0.2527733
0.2738773
0.2963144
0.2536956
0.2539139
0.2852366
0.2685295
0.2768015
0.2899259
0.2891767
0.2627242
0.2618808
0.2686377
0.2619156
0.2226454
0.2003132
0.1420155
0.1135984
0.1305013
0.1471246
0.1245551
0.1402337
0.1995611
0.1824863
0.2214361
0.3106537
0.2629909
0.2840917
0.2864577
0.2567437
0.2888079
0.2707134
0.2357727
0.2034872
0.193273
0.2822129
0.2182966
0.2347333
0.2729618
0.2156474
0.2165656
0.2441603
0.3194708
0.2642408
0.2310126
0.2730471
0.3058736
0.2519627
0.2480001
0.2898337
0.2812036
0.3436278
0.293746
0.2532253
0.3051588
0.3075622
0.2308874
0.193873
0.1832043
0.2259667
0.2789681
0.2644126
0.2725788
0.213352
0.1663636
0.1527928
0.201884
0.2765804
0.2728793
0.3008563
0.2931949
0.2945383
0.2848975
0.2807725
0.2893621
0.3702442
0.2771314
0.3114146
0.2810796
0.2476934
0.2510199
0.2305493
0.2629203
0.3416708
0.2669375
0.2867798
0.3019144
0.2020806
0.2843891
0.2469779
0.2029045
0.2207511
0.330352
0.3455192
0.3040307
0.3198886
0.3463051
0.3094206
0.3344492
0.3445297
0.426491
0.4280081
0.3845332
0.4195121
0.4375971
0.3611769
0.3155955
0.2177075
0.2778625
0.3096385
0.3296051
0.2970311
0.2567502
0.2097431
0.2404163
0.3103805
0.3494028
0.3189891
0.3749087
0.3589411
0.3116823
0.3284159
0.3527792
0.3327595
0.3623105
0.2913674
0.2474124
0.3522959
0.2924304
0.2941803
0.3898444
0.316038
0.3522937
0.2262062
0.2697746
0.2672105
0.281312
0.2810341
0.3093388
0.2390218
0.2369921
0.2086851
0.2033624
0.2363984
