0.2369297
0.2645046
0.2193738
0.2791532
0.2835815
0.2690057
0.2565441
0.2360066
0.2286043
0.2288764
0.2003584
0.2430996
0.2716152
0.2370863
0.2157354
0.2315436
0.2313323
0.2574812
0.2835313
0.3218707
0.3508394
0.3207826
0.2787912
0.2405786
0.2750972
0.2432045
0.2294316
0.242304
0.2278745
0.188731
0.2322227
0.2564013
0.2370609
0.2844133
0.3284376
0.342785
0.3439063
0.3264054
0.3018809
0.3765813
0.3990962
0.4031858
0.3429235
0.3279175
0.3411317
0.2774738
0.2816714
0.2547927
0.222854
0.2677592
0.2385996
0.1984974
0.1832613
0.1454782
0.1926932
0.2444322
0.3166097
0.2925046
0.3097996
0.3111554
0.311993
0.3308279
0.3598515
0.3433384
0.416678
0.3441568
0.3396587
0.3319831
0.3930365
0.3548979
0.3351063
0.3320497
0.3358166
0.2744811
0.2731957
0.2338263
0.2770231
0.3197079
0.2974929
0.2612363
0.2183819
0.2209405
0.1935564
0.1798954
0.2445413
0.2888692
0.3200068
0.3113131
0.3336761
0.34851
0.3582693
0.3455227
0.3013968
0.3043942
0.2327961
0.2215402
0.2245424
0.2297353
0.2230621
0.2618067
0.2340277
0.2149739
0.1997891
0.282133
0.3238919
0.3467781
0.2984442
0.3171231
0.2651537
0.3188726
0.299213
0.2848332
0.2704403
0.2968283
0.3069865
0.2631165
0.2474259
0.2471326
0.2232682
0.233734
0.2263467
0.2502418
0.2546753
0.311553
0.3312318
0.3169724
0.308232
0.2630292
0.3390662
0.3154319
0.3169364
0.3109524
0.2996925
0.3006853
0.2664457
0.2740808
0.2846116
0.2258965
0.2108506
0.2459561
0.2858944
0.2844565
0.3050824
0.2679248
0.2747844
0.2423621
0.3376024
0.3395623
0.3370041
0.3015434
0.3541674
0.3613702
0.3354412
0.2759534
0.2422434
0.2800822
0.25867
0.2508902
0.1956343
0.2297125
0.2669337
0.2832901
0.2971163
0.327498
0.3350947
0.3173815
0.2981163
0.24349
0.2533703
0.2526433
0.2595512
0.2391134
0.2566116
0.2802045
0.2268653
0.2006897
0.2235376
0.1876218
0.2928487
0.2987129
0.3498798
0.3647151
0.3682529
0.2848922
0.3791846
0.3190869
0.2795757
0.3228405
0.3278635
0.2800131
0.3295436
0.3081478
0.2836677
0.2646374
0.2794461
0.2590139
0.2439697
0.2340484
0.2871867
0.3130411
0.3331199
0.3113835
0.345357
0.3203901
0.3229182
0.3190569
0.3078007
0.3015986
0.2632774
0.2938555
0.2803216
0.2769132
0.2503595
0.224882
0.2182341
0.2700994
0.2552076
0.2728238
0.241
0.2118553
0.2988371
0.3161411
0.3206188
0.3468238
0.291777
0.3142847
0.2802126
0.2857594
0.2185748
0.1898841
0.2206837
0.2540664
0.2499007
0.2128262
0.2378553
0.2771575
0.2262977
0.1615615
0.2235684
0.2040442
0.1636572
0.2145091
0.2666061
0.299411
0.2787633
0.2382297
0.2343368
0.2397353
0.2636693
0.269491
0.2437115
0.2637576
0.2777146
0.2935497
0.2699503
0.2825928
0.2288899
0.1892667
0.1567022
0.2000311
0.2273504
0.2297726
0.2671587
0.2693366
0.2524666
0.2539541
0.3022069
0.2721725
0.2585563
0.2390877
0.2057788
0.2427796
0.249132
0.1930684
0.2457327
0.3012354
0.337719
0.2596169
0.2988996
0.3075488
0.2425832
0.267298
0.2252655
0.1854251
0.1648827
0.22917
0.2202794
0.2216777
0.2377564
0.2433559
0.27155
0.296189
0.2812964
0.2813432
0.2839883
0.2742656
0.3152319
0.3472072
0.3483666
0.3807065
0.3641382
0.3435594
0.355629
0.3411173
0.3505515
0.3426586
0.3254416
0.3772821
0.359597
0.3337143
0.3347818
0.2735756
0.2650846
0.2954006
0.2453524
0.2836465
0.2658514
0.2368862
0.1848857
0.1421521
0.189413
0.1728368
0.2233736
0.2100865
0.2320871
0.2084272
0.2243009
0.2528806
0.2808486
0.3087966
0.3730895
0.3095818
0.3388553
0.3154859
0.298838
0.3009116
0.2828967
0.2592249
0.270313
0.2823685
0.2769313
0.2787503
0.2599895
0.2435522
0.2890601
0.2676474
0.274751
0.2428796
0.2077673
0.1184614
0.1341766
0.1609608
0.1908633
0.2017575
0.2277249
0.1836929
0.2156621
0.2088648
0.2256902
0.2619209
0.2857907
0.3171641
0.3120742
0.3432846
0.3481
0.297589
0.3175277
0.3364812
0.3676531
0.3583754
0.3349541
0.3106108
0.2735722
0.2424143
0.2329745
0.2098543
0.2037211
0.2117399
0.2190171
0.2096988
0.2391264
0.2723453
0.2837238
0.2676841
0.2615639
0.2860019
0.1940759
0.2421801
0.2378367
0.2443036
0.2525875
0.2675319
0.2486975
0.2328547
0.2230423
0.2030792
0.1832926
0.1681175
0.1902419
0.2472203
0.2511059
0.2297118
0.2599943
0.3033434
0.2679228
0.2346326
0.2171121
0.162392
0.2220036
0.191558
0.1379651
0.1287984
0.1314263
0.1271189
0.1544188
0.2115918
0.1783977
0.2193285
0.2442705
0.3019867
0.3730239
0.3001117
0.2696711
0.2427339
0.2326944
0.2656638
0.2598019
0.23203
0.2196185
0.2241051
0.2282491
0.1630777
0.1721084
0.2241464
0.2429646
0.2678275
0.2931195
0.273627
0.2721562
0.2533656
0.3030957
0.3100586
0.3124606
0.2968253
0.3336612
0.3176707
0.3620319
0.3156166
0.277365
0.2931232
0.2756561
0.2194976
0.1874146
0.2736172
0.2862709
0.3017314
0.3337239
0.3420612
0.2793593
0.2681292
0.2613055
0.2830733
0.3040136
0.3246405
0.3260027
0.3235513
0.3460756
0.3635792
0.3406605
0.3803782
0.368652
0.3883474
0.3965338
0.3694488
0.3410694
0.3287754
0.3265764
0.3223011
0.3017533
0.3368158
0.348169
0.3697496
0.3234711
0.338457
0.3453724
0.3242432
0.3052621
0.2958232
0.2462491
0.2391062
0.2316292
0.1943442
0.2325903
0.2371911
0.213041
0.2188761
0.1827155
0.2137542
0.2426094
0.2247718
0.1408495
0.1082336
0.08654716
0.1079143
0.1074131
0.1232089
0.1231606
0.1398618
0.163009
0.2010819
0.2227799
0.2500903
0.2539135
0.2840542
0.3029993
0.3007331
0.2980918
0.2895778
0.2567117
0.2355789
0.2158746
0.2104252
0.234188
0.2265391
0.2505944
0.2216853
0.2658935
0.2101139
0.2013184
0.1730439
0.1644998
0.2164862
0.2557583
0.2847627
0.26052
0.2951879
0.2787037
0.2172914
0.2232705
0.2159103
0.2641368
0.2363223
0.2141265
0.2006021
0.1261103
0.1345224
0.07473928
0.1455881
0.1910626
0.2335363
0.2481951
0.2130349
0.1910491
0.227628
0.2729834
0.255756
0.2715746
0.2383323
0.2585687
0.2564546
0.2267463
0.2525538
0.2285618
0.1900582
0.170241
0.1868267
0.2488398
0.2601452
0.268773
0.2669289
0.2808868
0.2357583
0.2220032
0.1868045
0.2160887
0.2347767
0.2533207
0.2402645
0.2758093
0.3148738
0.371236
0.3619972
0.3241923
0.3015886
0.2543391
0.2871597
0.2977309
0.2532774
0.278175
0.2804749
0.2963651
0.2761019
0.2836911
0.2184523
0.2401333
0.2381127
0.2622804
0.2850299
0.2346082
0.2547125
0.2190948
0.260193
0.2823924
0.3261864
0.2743557
0.2680245
0.3090553
0.3590421
0.3465205
0.3402746
0.3297285
0.3115043
0.2735715
0.255331
0.2953673
0.2543306
0.2780869
0.2186125
0.2532486
0.240126
0.2038649
0.1895301
0.1813793
0.2488664
0.247379
0.2344209
0.3024167
0.2891298
0.2768712
0.3024967
0.2572007
0.272368
0.268978
0.2383942
0.230235
0.2375616
0.2877013
0.2711021
0.2299528
0.2144236
0.2254446
0.1933748
0.1881799
0.212161
0.2567511
0.2452538
0.2484438
0.2362895
0.2667966
0.3132377
0.3049257
0.2964975
0.2822569
0.2411237
0.2537149
0.2786505
0.2638337
0.1984933
0.2160171
0.2216556
0.2014308
0.203582
0.1583678
0.1878336
0.1791254
0.2083024
0.2634769
0.2906815
0.2878567
0.2823269
0.2966361
0.3295023
0.2763376
0.2446884
0.1842358
0.1190315
0.136008
0.1819657
0.2080278
0.2292849
0.2120484
0.1926712
0.1461993
0.1192423
0.1204922
0.1203863
0.1541149
0.1009143
0.1309495
0.1862085
0.2127337
0.2300115
0.2442337
0.2475264
0.2801772
0.2243469
0.1354151
0.1818138
0.2256761
0.2004676
0.2228395
0.279574
0.301345
0.3081873
0.356756
0.321581
0.2531136
0.2585358
0.2076923
0.1814512
0.1274637
0.1914254
0.2584414
0.2792934
0.2462897
0.2846092
0.2334172
0.3020522
0.3452034
0.3757887
0.2710895
0.2598596
0.2507684
0.2382238
0.250811
0.2418279
0.2390248
0.2638314
0.2844313
0.2927826
0.2685258
0.2815432
0.265914
0.1576772
0.1319753
0.2011415
0.2834593
0.2443344
0.2507053
0.2387427
0.2474721
0.2683064
0.3011637
0.3207651
0.3085029
0.2663232
0.2640767
0.2394657
0.3157597
0.3152794
0.3251703
0.2482923
0.2321345
0.2519519
0.2545141
0.2068024
0.1881306
0.1838251
0.2264522
0.2527791
0.270868
0.3075451
0.2845572
0.3140556
0.3060003
0.2732542
0.3143255
0.2541031
0.2113244
0.1742608
0.1247532
0.1378654
0.1437652
0.1769504
0.1656084
0.1807377
0.1916409
0.1978363
0.2437423
0.2489322
0.2732907
0.2902983
0.2863306
0.3056306
0.2674119
0.2331468
0.2182596
0.2541582
0.2518155
0.2477599
0.2418412
0.2355167
0.2443397
0.2335337
0.2120639
0.2383495
0.2496992
0.256037
0.2534305
0.2530162
0.2518345
0.2471609
0.2340176
0.2096294
0.2209804
0.2278698
0.2106604
0.2534961
0.1878959
0.1779921
0.1702845
0.2349829
0.2607345
0.2890164
0.2876906
0.2683209
0.2984678
0.3341864
0.3428832
0.3430897
0.3536962
0.3434605
0.3563415
0.3228654
0.3831462
0.3466048
0.3516586
0.3124539
0.3374731
0.3337377
0.3518094
0.3298289
0.3260714
0.3357061
0.3476031
0.3314536
0.3021495
0.3576166
0.4329074
0.3945961
0.4018235
0.4896473
0.4525352
0.4480856
0.3899394
0.3552425
0.3191329
0.2454481
0.2230536
0.2109983
0.2602511
0.2867281
0.3018965
0.257283
0.2495459
0.2379902
0.1716836
0.209994
0.2121369
0.1878986
0.1809084
0.1746822
0.1741102
0.1813179
0.2250008
0.1884068
0.2423673
0.2301588
0.2255878
0.2246005
0.2759623
0.2795659
0.2355342
0.2664612
0.3174115
0.2628301
0.3327822
0.2677964
0.2348649
0.2737736
0.2690461
0.2630871
0.2802511
0.3268333
0.3077439
0.3045339
0.3659538
0.3280068
0.3511176
0.3490866
0.3617243
0.3450769
0.3132245
0.3234011
0.2730341
0.2782943
0.288273
0.2977928
0.2811987
0.259782
0.2491474
0.3173538
0.3436628
0.2927929
0.2836896
0.3099778
0.336406
0.313775
0.3323548
0.2745003
0.3230433
0.3040153
0.3358105
0.2674326
0.2206657
0.2093526
0.2100738
0.211952
0.2466869
0.2473484
0.275488
0.2119084
0.2499421
0.1953686
0.2368453
0.2134447
0.2178524
0.2250369
0.2151049
0.1817214
0.1801109
0.1668821
0.1857349
0.1659959
0.1982668
0.2109715
0.2152391
0.2009517
0.2223388
0.2681961
0.3177027
0.3076055
0.2409721
0.247346
0.2714641
0.3143492
0.3120633
0.3193525
0.2960178
0.2806926
0.2609121
0.2804791
0.2908563
0.2889895
0.2862654
0.3065239
0.2623359
0.257166
0.299166
0.276713
0.2787519
0.2893338
0.313077
0.2878907
0.2423972
0.276504
0.2292789
0.1683636
0.2362494
0.2378039
0.2065534
0.2013225
0.1766981
0.1880303
0.2404473
0.2801062
0.2512711
0.2333507
0.2182023
0.2193789
0.2234504
0.2334308
0.2659729
0.3174064
0.3140788
0.3080426
0.2927066
0.2750448
0.2726079
0.3018166
0.3343044
0.3231166
0.2963915
0.2970747
0.2527748
0.291119
0.3167594
0.3065821
0.3092239
0.3237297
0.3090144
0.3119855
0.2493325
0.259264
0.2887669
0.2992143
0.2974152
0.3167873
0.3067455
0.2990778
0.2796479
0.2976396
0.3279771
0.3046131
0.2960094
0.2955367
0.294809
0.295281
0.3107984
0.318659
0.2852454
0.2711358
0.276253
0.2914351
0.3167358
0.299725
0.3332047
0.3601975
0.3985021
0.3669969
0.3512799
0.3545608
0.4067675
0.3504577
0.37116
0.3456546
0.3772285
0.3566592
0.348756
0.3285663
0.3259258
0.3595241
0.3322669
0.3403641
0.3951316
0.3474766
0.3215185
0.3082141
0.2790696
0.2980546
0.3188713
0.3313094
0.296969
0.2873538
0.2663706
0.2232756
0.2853612
0.3147887
0.3078809
0.3209843
0.3729819
0.4172676
0.3809166
0.3509541
0.3723279
0.3561023
0.3292636
0.2880019
0.2720612
0.2623179
0.2835337
0.2688216
0.297973
0.2945009
0.3168801
0.2882752
0.3060523
0.3196958
0.3497939
0.3361277
0.337707
0.318275
0.3533111
0.3380457
0.3724849
0.3506422
0.3425756
0.2997553
0.3173359
0.3213448
0.3214088
0.3400024
0.3373106
0.2920399
0.3215958
0.3478599
0.338207
0.299463
0.2739391
0.2948289
0.2912577
0.3211466
0.3414774
0.3334036
0.2992826
0.2505848
0.2035971
0.1866472
0.2043247
0.2632109
0.2917628
0.2844659
0.288175
0.2998488
0.353642
0.3736739
0.3344903
0.3812291
0.3457988
0.3643553
0.360027
0.3293446
0.3288903
0.2979742
0.2954078
0.2417184
0.2310486
0.2215209
0.2343588
0.2186817
0.2161791
0.1837686
0.2105412
0.3417312
0.3592797
0.3813732
0.3671752
0.3911592
0.4164803
0.3809237
0.3029893
0.3067958
0.3244884
0.2976132
0.2570845
0.2513338
0.2590513
0.2990023
0.2946788
0.2470297
0.2741792
0.3028225
0.3501712
0.3632416
0.3444724
0.3504772
0.3524896
0.3621511
0.3462168
0.3752247
0.3485768
0.3166936
0.3732211
0.3843997
0.3913812
0.3755996
0.4071792
0.4156849
0.3446719
0.3386324
0.2816157
0.2678756
0.2741006
0.2732698
0.2422629
0.1888808
0.17783
0.1346655
0.1689501
0.1785321
0.1710945
0.1682759
0.1398787
0.1215657
0.08321391
0.0672693
0.08490687
0.1295663
0.1269473
0.2097895
0.1877155
0.2450905
0.2540921
0.2126358
0.248018
0.2794567
0.271921
0.291525
0.3186439
0.3081467
0.2790605
0.2654721
0.2618496
0.2806092
0.2636136
0.2470296
0.2819143
0.3315138
0.2655582
0.2787368
0.2114994
0.1661544
0.1819285
0.1749974
0.1752725
0.1409389
0.2197974
0.2158193
0.2073664
0.1826631
0.2199262
0.2256773
0.242617
0.2061323
0.2198147
0.2211015
0.236245
0.2136725
0.2401657
0.2518022
0.2401557
0.2414973
0.2667933
0.2421056
0.2509934
0.2617024
0.253216
0.2131775
0.2417941
0.2057248
0.1768556
0.2634868
0.2411809
0.1331189
0.08613877
0.09610075
0.08972513
0.09083542
0.1383442
0.1057264
0.09867609
0.1279504
0.1886897
0.2110821
0.2252199
0.2381003
0.2640082
0.2821653
0.3308371
0.319091
0.2973037
0.2786077
0.2965326
0.2734958
0.2631532
0.2542525
0.276279
0.2875776
0.3019552
0.2609499
0.2414335
0.2737049
0.3196604
0.3403526
0.3176437
0.3678105
0.3257341
0.2959274
0.3095956
0.2662459
0.2569059
0.2514614
0.2930848
0.2613933
0.2740686
0.2209678
0.2546429
0.2533521
0.208328
0.1714459
0.2207585
0.194423
0.2325225
0.2725283
0.2840537
0.2650417
0.257101
0.3066903
0.3192536
0.2711002
0.2697145
0.2990025
0.2225552
0.1509045
0.1940403
0.1768067
0.1636014
0.1764881
0.1900292
0.1527759
0.1861991
0.1325222
0.06065091
0.09211331
0.0866239
0.1486848
0.2333007
0.2359628
0.2473545
0.2939008
0.2264205
0.1534712
0.2054082
0.1883068
0.2152776
0.2504497
0.183014
0.2170166
0.2002952
0.1992775
0.2396497
0.2230382
0.2548636
0.2421706
0.2402725
0.1650366
0.1366217
0.09958116
0.07759736
0.1182544
0.1035343
0.1037373
0.1442166
0.1914801
0.1853177
0.1847042
0.1757981
0.168592
0.1690163
0.1826502
0.1850523
0.2332561
0.2467014
0.2254546
0.283023
0.2579431
0.2493087
0.2473519
0.2153437
0.2138863
0.1929808
0.1717847
0.2246957
0.2504454
0.2459071
0.2376447
0.2718259
0.2753917
0.2433282
0.2811371
0.298631
0.3534937
0.3491559
0.3574895
0.2469869
0.1746539
0.197598
0.2486745
0.2777152
0.24841
0.252535
0.2737351
0.2187096
0.2199081
0.2275017
0.2773965
0.2874889
0.3099234
0.2926228
0.3444182
0.3690153
0.3665295
0.3310792
0.3406569
0.3532669
0.2780092
0.2721815
0.2959037
0.2529498
0.2364022
0.254893
0.3010102
0.3419967
0.3188807
0.3467338
0.35278
0.3297899
0.2544867
0.2546084
0.1878997
0.1958424
0.1953737
0.2658145
0.2872153
0.2659596
0.2530938
0.277061
0.2388856
0.243933
0.136925
0.1466294
0.1848099
0.1830547
0.1652644
0.1580485
0.1557509
0.1692707
0.1966551
0.2418687
0.2737901
0.2233506
0.281311
0.2626977
0.2782897
0.2321368
0.257009
0.205987
0.1867517
0.1854207
0.2394446
0.2499422
0.2542561
0.2826031
0.3138187
0.2951352
0.3292102
0.2641186
0.3147423
0.3097046
0.2753054
0.2102768
0.2119407
0.2255542
0.1905512
0.1906392
0.1538178
0.1726882
0.1447981
0.2612828
0.2407878
0.2658913
0.2504751
0.2794642
0.2551366
0.1842072
0.2189629
0.2209534
0.2367099
0.2583571
0.2484931
0.2139237
0.2061214
0.1291703
0.2188564
0.2477317
0.2049247
0.2442398
0.1849602
0.1485895
0.2152549
0.2580758
0.2410918
0.2773304
0.268602
0.3040098
0.2580277
0.3099899
0.3259709
0.3341775
0.3265151
0.3041832
0.3137152
0.303671
0.2623097
0.3123816
0.2658419
0.2753527
0.3091893
0.3127079
0.4150256
0.344406
0.323816
0.3265411
0.2900793
0.3199797
0.2909414
0.3428072
0.3271647
0.2969454
0.286365
0.2870606
0.2826872
0.2670299
0.2584967
0.2581518
0.2575216
0.250192
0.2152399
0.2036536
0.1935684
0.2817667
0.2003595
0.1866061
0.1876749
0.1978179
0.1411574
0.181922
0.2060975
0.2097603
0.1871448
0.1511659
0.1844748
0.1638832
0.1503132
0.1656076
0.1656814
0.1937798
0.2412173
0.2728814
0.3285444
0.2886946
0.3213879
0.2946514
0.2757066
0.312407
0.3057684
0.3307333
0.3203405
0.3105678
0.237586
0.2749911
0.2487578
0.2223329
0.2099576
0.2135614
0.1974548
0.1483249
0.1835649
0.1657836
0.09145734
0.08857684
0.1095342
0.0207102
0.004502168
0.009214939
0.001974115
-0.0347767
0.01038818
-0.003409107
-0.01512941
0.04669203
-0.01547765
0.03424042
0.08278243
0.1166221
0.08871375
0.08848776
0.04612726
0.1126471
0.1066236
0.1487207
0.1773761
0.1892369
0.1894173
0.2056022
0.200882
0.2119874
0.2544892
0.2523392
0.2964075
0.2748562
0.2476254
0.2272997
0.2508321
0.2244004
0.2419345
0.2465684
0.2923339
0.2771647
0.2147297
0.1622933
0.1938747
0.3037615
0.300698
0.3032411
0.2261668
0.2169476
0.2184918
0.2565591
0.2720475
0.2852825
0.3378644
0.3066625
0.3354663
0.3234456
0.3008272
0.3034334
0.2806905
0.2943555
0.2922393
0.2493662
0.242985
0.2916443
0.2717931
0.2936468
0.2716642
0.240622
0.2190487
0.2187822
0.2341372
0.2296065
0.2799666
0.2403325
0.3048276
0.2714834
0.2277651
0.2661473
0.290534
0.323742
0.3515906
0.2939346
0.2788749
0.2598115
0.2429454
0.256341
0.2530153
0.2812614
0.2390189
0.2114019
0.2087152
0.2116784
0.2156389
0.2547093
0.2925444
0.2623721
0.2165743
0.255592
0.2571803
0.2775058
0.3037764
0.2523124
0.2542119
0.2795159
0.2649134
0.2477388
0.2367728
0.3243734
0.3034676
0.2630155
0.2180711
0.2670341
0.3083049
0.2603005
0.2771196
0.2679664
0.276642
0.2791981
0.2216775
0.2051543
0.229158
0.2420511
0.2030619
0.207355
0.2203391
0.2488175
0.2044604
0.1956791
0.243637
0.2189072
0.198952
0.1708394
0.120286
0.1547854
0.1165157
0.1366636
0.1692395
0.1802868
0.1983672
0.1960902
0.2563136
0.2250831
0.24349
0.2209283
0.2257101
0.229459
0.2947102
0.3303805
0.3458477
0.3532044
0.3410696
0.3519235
0.3122085
0.2730278
0.2244869
0.2204432
0.190703
0.1758116
0.1774007
0.2023208
0.2060824
0.1768653
0.1925764
0.1937089
0.1412616
0.1946354
0.2023762
0.1743298
0.1117182
0.182515
0.1917095
0.2238991
0.2032894
0.2021569
0.1810299
0.1491256
0.1931688
0.1991545
0.2001661
0.1540942
0.1648985
0.1703282
0.1821294
0.1989633
0.1859913
0.1393352
0.1819969
0.2218525
0.2346369
0.2544314
0.2162445
0.2195982
0.2330816
0.2099348
0.1955991
0.2401028
0.2448584
0.3038812
0.3486648
0.3103812
0.2707567
0.2459161
0.2426658
0.2384906
0.1996893
0.2525081
0.2625133
0.3310241
0.3644708
0.338903
0.3131625
0.3095694
0.2932747
0.3193106
0.2734601
0.2863007
0.2574893
0.2713195
0.3111009
0.3592835
0.3659241
0.4071739
0.4113712
0.4263068
0.3365884
0.253596
0.2077347
0.2570459
0.2716243
0.256368
0.3222806
0.3659861
0.3927081
0.3664569
0.3594399
0.3671889
0.3802402
0.371711
0.3828988
0.3594874
0.3417801
0.3391112
0.2798487
0.2732596
0.2758524
0.2201192
0.197218
0.1771698
0.2018387
0.2319112
0.237428
0.2129411
0.2486355
0.1977307
0.2128321
0.2230914
0.2721022
0.2652842
0.2182809
0.2446231
0.2397893
0.2304998
0.1983896
0.2145912
0.167341
0.1208435
0.1616265
0.1647188
0.19103
0.1778068
0.2040016
0.3027676
0.2529218
0.2244737
0.3028531
0.2928454
0.2710187
0.258073
0.2766263
0.3024132
0.2338351
0.2653522
0.2933778
0.2837356
0.3059248
0.3060081
0.2755411
0.2760035
0.2746428
0.2722069
0.2273486
0.2310127
0.2025646
0.2043594
0.2032082
0.1953821
0.1961619
0.2228319
0.2393288
0.2610646
0.2259984
0.2150838
0.2859107
0.283867
0.3031338
0.3482001
0.3479545
0.3694914
0.3850844
0.3701933
0.3901198
0.3775606
0.3482739
0.3484611
0.2765308
0.2770366
0.253944
0.2167377
0.1735775
0.1704495
0.2090098
0.1841552
0.2040317
0.2236734
0.2813546
0.276482
0.2169563
0.2104516
0.2196299
0.1934669
0.2576771
0.277799
0.2562486
0.2717212
0.2064259
0.1879672
0.138726
0.1641392
0.1287562
0.1706105
0.1441757
0.115464
0.1712589
0.2458814
0.20441
0.2696319
0.2661771
0.2273681
0.2495751
0.3270049
0.3170283
0.2949943
0.3174333
0.3531486
0.3132757
0.2558889
0.2440704
0.2480979
0.2125506
0.1781064
0.1500957
0.09445031
0.1324416
0.1273961
0.1456505
0.1877332
0.251747
0.2519376
0.2457519
0.2753536
0.2056566
0.2250505
0.1596087
0.1821527
0.1492033
0.1815729
0.1317179
0.1335159
0.1359498
0.1407692
0.1556784
0.2202667
0.1791112
0.1547959
0.1378651
0.1608842
0.1664619
0.1718642
0.1696055
0.2115747
0.1457117
0.167436
0.1616378
0.1674824
0.224779
0.196855
0.2437236
0.2327938
0.2293726
0.2041151
0.2014751
0.2078836
0.2025558
0.1843558
0.1441767
0.1418713
0.1587288
0.1450937
0.1873644
0.2284219
0.2729346
0.2353979
0.2189643
0.2315895
0.207566
0.2188762
0.1593159
0.1477655
0.1849958
0.2133137
0.1743865
0.2277329
0.1869352
0.1886246
0.1945496
0.2379935
0.2305903
0.2435717
0.1722869
0.1542341
0.1298748
0.1486085
0.1689553
0.139433
0.1545598
0.131359
0.1194663
0.1042295
0.1050789
0.1337503
0.1377543
0.1725188
0.1699101
0.2365892
0.2395414
0.2559803
0.283464
0.2373379
0.2724122
0.2538023
0.2206029
0.2166114
0.1744868
0.1997806
0.1813149
0.1879318
0.1785194
0.1877965
0.2513274
0.2187207
0.2431298
0.2562739
0.2615568
0.2203275
0.278386
0.2625538
0.2256052
0.2869023
0.2923192
0.2947808
0.2849981
0.245333
0.343876
0.2888099
0.2748797
0.2369873
0.2815367
0.3216753
0.3334495
0.285375
0.2780273
0.2860349
0.2935861
0.282156
0.309797
0.2854266
0.3471436
0.3355429
0.3250513
0.3465125
0.3408407
0.3264662
0.3535056
0.3317704
0.3549971
0.3613329
0.3056151
0.2947936
0.2571706
0.26656
0.3243908
0.2775853
0.2666897
0.2826674
0.2586578
0.2531708
0.2418908
0.2751979
0.2836603
0.3177575
0.3195289
0.2786908
0.3068546
0.2939859
0.3041802
0.3233927
0.3446958
0.3111754
0.2479137
0.1928138
0.2418807
0.2719595
0.247673
0.2502271
0.2407709
0.2685556
0.2555343
0.2382439
0.2625916
0.2726931
0.2829763
0.2621113
0.2424553
0.24645
0.2448414
0.2768593
0.2991994
0.3047524
0.2954631
0.291015
0.2901512
0.3205288
0.345602
0.3148124
0.3038577
0.2567315
0.3019099
0.2937235
0.2442934
0.2590346
0.2041088
0.1807608
0.1974567
0.2159593
0.2338207
0.2028015
0.2375862
0.2677995
0.2371092
0.1894178
0.199037
0.2026818
0.2469519
0.2733251
0.2962491
0.2654518
0.2541624
0.285051
0.3283842
0.3438121
0.3693267
0.398052
0.3962797
0.390407
0.401023
0.4049483
0.4441808
0.4359821
0.4131667
0.4072263
0.4337847
0.4218048
0.3858923
0.3761564
0.3814837
0.3486637
0.3088447
0.3035628
0.3283303
0.2945649
0.2521046
0.2283525
0.2448947
0.287246
0.3024521
0.3003125
0.2861936
0.2424556
0.2077506
0.2176294
0.2010494
0.1778014
0.2115295
0.2250237
0.2333213
0.2634023
0.294471
0.3298241
0.349848
0.3724609
0.3361781
0.2543737
0.2239231
0.2031125
0.1969428
0.204515
0.2661368
0.2379136
0.2750856
0.2578633
0.2478414
0.2280552
0.2486238
0.2491677
0.2391927
0.2337972
0.2474785
0.2336559
0.2455033
0.2639898
0.2737555
0.2698403
0.2624998
0.2529915
0.2426832
0.2868406
0.3447638
0.3548162
0.308825
0.3686303
0.3254754
0.3282643
0.3096062
0.3128944
0.276175
0.3121029
0.2885674
0.264214
0.233008
0.2122062
0.2556053
0.2660887
0.2306429
0.2195481
0.2533959
0.1968012
0.1981713
0.2235707
0.2718104
0.2569995
0.2502481
0.3057731
0.3283182
0.3168769
0.2716753
0.2879853
0.2677508
0.2917812
0.2827595
0.291143
0.2656086
0.2998802
0.2358793
0.2731683
0.2944852
0.2746271
0.2734775
0.288819
0.2791014
0.3031472
0.3066115
0.2825161
0.2853019
0.3781741
0.3812437
0.4025099
0.416934
0.4152674
0.3672027
0.3324876
0.2751255
0.2763925
0.2789544
0.2736157
0.2834667
0.2684608
0.2978833
0.3129316
0.2938875
0.3243028
0.3556959
0.3645911
0.3778038
0.3515331
0.3404064
0.3489611
0.4062796
0.3452689
0.3101353
0.2833624
0.2565301
0.3016577
0.3499027
0.3274455
0.3210397
0.3273569
0.297799
0.2542712
0.3010656
0.2850777
0.2632553
0.2745349
0.3012774
0.3182716
0.3520889
0.2941747
0.335108
0.3961814
0.4049146
0.4187081
0.4126586
0.4743401
0.3869439
0.3544028
0.366619
0.3038151
0.2720538
0.3055755
0.3157417
0.2813156
0.283304
0.2085783
0.2208307
0.2466009
0.2394124
0.29387
0.2642836
0.2607322
0.2674209
0.2014494
0.1665925
0.2008985
0.20256
0.206698
0.1973135
0.2308436
0.2038157
0.2223619
0.2434702
0.2097353
0.2087067
0.2180627
0.2109739
0.2179285
0.2496951
0.2670294
0.2546487
0.2422196
0.2115279
0.2533375
0.2238499
0.2387931
0.261371
0.3056487
0.2780186
0.2720308
0.3180504
0.3189811
0.2979299
0.2749878
0.2768916
0.2878007
0.3365695
0.2819566
0.2717109
0.2987583
0.3001428
0.2935377
0.2766533
0.275402
0.3111787
0.2676055
0.2459966
0.194307
0.2482287
0.2225308
0.2350213
0.2528154
0.2784859
0.2613777
0.2205904
0.2438473
0.246824
0.2744493
0.2962647
0.311958
0.26753
0.3138147
0.3166381
0.26906
0.2338659
0.2698537
0.2764964
0.2882843
0.2993811
0.2575009
0.2391148
0.2071155
0.2380088
0.2249585
0.1728146
0.1797333
0.1851368
0.1659427
0.1812297
0.1805992
0.2095936
0.1661927
0.1568894
0.1648177
0.2365232
0.2617839
0.2698026
0.2518466
0.2449091
0.2160163
0.2330377
0.2018406
0.2324718
0.2329719
0.2508203
0.2747861
0.284275
0.2783672
0.2798337
0.2495545
0.240958
0.2189807
0.2202415
0.2487743
0.2350128
0.2731147
0.2839192
0.2794398
0.2318378
0.1808184
0.1810895
0.1978804
0.2038809
0.2527994
0.2478845
0.2295425
0.2045368
0.2509239
0.2942601
0.2418216
0.2556347
0.23355
0.1959015
0.2466331
0.1691945
0.1366019
0.1297617
0.1143586
0.1648622
0.1807868
0.164549
0.1744565
0.2225668
0.2691658
0.2227197
0.2178745
0.1778514
0.171656
0.1784661
0.1345933
0.1256938
0.1478141
0.1487736
0.1725945
0.235605
0.2410979
0.2154617
0.1638631
0.1921301
0.239838
0.2095015
0.2177768
0.2626667
0.3086994
0.3235395
0.3182181
0.3149427
0.3585039
0.3215232
0.2949651
0.3169534
0.3143569
0.2894764
0.3081685
0.2483397
0.2332458
0.2014278
0.172802
0.2036911
0.2017004
0.230255
0.2710784
0.2579893
0.1818867
0.2224112
0.1802706
0.2209747
0.2464144
0.2677726
0.2593188
0.3054131
0.3115876
0.2675819
0.2324661
0.1726972
0.2163522
0.1808244
0.2085087
0.247973
0.2735726
0.3086372
0.3351394
0.3606101
0.3625892
0.3487135
0.3193086
0.2535523
0.2557077
0.2255628
0.2932663
0.2871397
0.3098967
0.3168033
0.2808286
0.2984727
0.2411326
0.3485876
0.4008513
0.3781585
0.3692895
0.3573924
0.3521747
0.299856
0.2567918
0.1873338
0.1511062
0.1755738
0.2064467
0.2413434
0.2941506
0.2704032
0.2401753
0.2537002
0.2303193
0.2627218
0.273959
0.2851072
0.2830255
0.2675253
0.2589141
0.2406908
0.2354194
0.2464836
0.3052337
0.2553299
0.2131723
0.2241713
0.239756
0.2564918
0.2625251
0.3671782
0.4327798
0.3727348
0.3326203
0.3469669
0.3599618
0.3472907
0.2960664
0.3181957
0.2996591
0.3298347
0.3168009
0.2855336
0.2898892
0.2665893
0.2544481
0.2911032
0.3124108
0.3170975
0.3092171
0.3546646
0.3054837
0.2136601
0.1991247
0.1782292
0.1939292
0.2165115
0.1898841
0.232373
0.2093428
0.2024424
0.1675021
0.1334353
0.1566509
0.1846212
0.1909763
0.1902007
0.2013375
0.2274704
0.2469346
0.2169956
0.2268109
0.2104744
0.2521035
0.2466689
0.2680088
0.2643236
0.2406486
0.2560253
0.2434787
0.2127529
0.216723
0.2181509
0.2576665
0.2528468
0.2556766
0.2922969
0.323445
0.3623758
0.3394354
0.3522338
0.2745152
0.2892639
0.3336272
0.3410193
0.2841337
0.2833326
0.2898187
0.267985
0.2293101
0.2476134
0.2865106
0.2725313
0.2750871
0.2672251
0.1923213
0.2056808
0.1902555
0.2252092
0.2271036
0.2238149
0.1965043
0.1989013
0.1643538
0.1855508
0.2281904
0.2098059
0.2046284
0.2170498
0.2390407
0.2471377
0.2279276
0.2403675
0.2530301
0.2907324
0.2341427
0.2233726
0.2265137
0.1954012
0.2175653
0.2853614
0.2700819
0.2453463
0.2485271
0.2702564
0.266006
0.2482481
0.2642836
0.3078097
0.3183657
0.3201877
0.3220041
0.3008568
0.2783276
0.3028743
0.3422266
0.3351123
0.2999438
0.334587
0.3401034
0.3429916
0.2864265
0.3006986
0.262613
0.1859373
0.1973353
0.1773537
0.1843539
0.1971761
0.2566529
0.2940509
0.2676059
0.2573381
0.2662182
0.2318017
0.261216
0.2631777
0.2771469
0.2320384
0.2495257
0.3224179
0.3357227
0.3331625
0.3199584
0.3078613
0.2890251
0.2611717
0.2553153
0.220457
0.2369627
0.2514559
0.1890089
0.1845728
0.1637781
0.1530205
0.1538562
0.1477843
0.1288378
0.1215517
0.1254729
0.1630534
0.1648704
0.1915968
0.1903481
0.1763062
0.2066588
0.1994176
0.1939275
0.2260042
0.2581964
0.3093527
0.3063348
0.3379227
0.3233647
0.3516664
0.3138756
0.2918113
0.3213199
0.2916274
0.3047387
0.2544218
0.2814152
0.3067045
0.3471401
0.335768
0.333899
0.3471437
0.3617034
0.3558359
0.3169439
0.2609852
0.2524735
0.2312663
0.2301521
0.1892614
0.2220621
0.2538458
0.29601
0.3326589
0.370784
0.3482371
0.33573
0.3218062
0.2857409
0.263895
0.2390062
0.1952791
0.1969997
0.2041152
0.2152054
0.2410761
0.2275692
0.2669446
0.2669064
0.2085006
0.2408266
0.2648685
0.2875066
0.276874
0.2089617
0.2400549
0.2210835
0.2247749
0.1994553
0.2524387
0.2360994
0.1988762
0.2004158
0.2080182
0.1946452
0.2134286
0.2138513
0.279062
0.3096725
0.2941486
0.2382732
0.2010155
0.2198459
0.2258262
0.2359096
0.1964294
0.2497482
0.2471224
0.2493878
0.2796363
0.223744
0.2204058
0.2088069
0.227382
0.2458047
0.2520603
0.2410025
0.2496086
0.2476874
0.231991
0.202006
0.215911
0.2083251
0.2194336
0.236217
0.2323923
0.2494505
0.2813259
0.2831362
0.2986731
0.3264686
0.2840087
0.2221271
0.1923944
0.1441153
0.1674776
0.1913185
0.2258306
0.2109149
0.1731076
0.129649
0.08066689
0.1182531
0.1513216
0.1718276
0.222336
0.332267
0.3819017
0.3859107
0.3135418
0.2620207
0.2212723
0.1677853
0.1699897
0.1884447
0.1777232
0.1492218
0.1357213
0.1776553
0.2350871
0.2540769
0.1895469
0.1866273
0.1544976
0.1290867
0.07559259
0.06442855
0.07390409
0.05799016
0.08566692
0.1041928
0.185763
0.2106629
0.2512572
0.2715966
0.2850845
0.3612749
0.3155432
0.267468
0.2934858
0.2929983
0.2789044
0.3122486
0.2987627
0.2839057
0.2987142
0.2636757
0.2227581
0.203619
0.2565036
0.2678626
0.2510724
0.2339012
0.2292395
0.1877056
0.1599578
0.1492804
0.1676048
0.1702949
0.2026257
0.1819294
0.2225513
0.2145158
0.2026759
0.1788025
0.1853036
0.1651335
0.1715624
0.1466845
0.1605245
0.1242646
0.14798
0.1850155
0.1825354
0.2349217
0.2370611
0.2358905
0.236981
0.2168591
0.223385
0.1878442
0.2126738
0.1315685
0.1791295
0.2141698
0.2528572
0.2645619
0.2435648
0.2534036
0.2330102
0.2539991
0.3095764
0.2788629
0.2615057
0.2286529
0.219412
0.2064092
0.2251712
0.2033124
0.2140426
0.2280167
0.2695069
0.2610351
0.2712533
0.3097292
0.2791797
0.2732324
0.2919815
0.285461
0.2752764
0.2463331
0.2265816
0.2652868
0.2280565
0.233704
0.2477964
0.2403861
0.2328746
0.2033141
0.1861379
0.2300191
0.2488657
0.2076172
0.192201
0.1960846
0.2579976
0.2592588
0.2604507
0.1925337
0.2098553
0.2499549
0.295259
0.3003653
0.2400534
0.1977847
0.1981721
0.2135882
0.2202534
0.191745
0.2315748
0.2010024
0.1384839
0.1727422
0.2079343
0.2066255
0.1884873
0.1897187
0.267326
0.2729595
0.228
0.2045884
0.2152761
0.2397847
0.2834586
0.2828903
0.3526487
0.3642653
0.3607008
0.3557527
0.3225991
0.3364368
0.3583507
0.3081293
0.2750965
0.2629001
0.2532386
0.2093909
0.2733663
0.2872684
0.1952794
0.1835801
0.1795502
0.1936575
0.1995282
0.210143
0.2488694
0.2628244
0.3124173
0.2639686
0.2361857
0.2355732
0.2615024
0.206717
0.2142243
0.2228686
0.2199474
0.2565343
0.2894068
0.2655388
0.2749163
0.3190195
0.3351949
0.361329
0.3432413
0.3048693
0.2519163
0.2265537
0.2043625
0.2371166
0.233804
0.1884876
0.169073
0.1711908
0.2146403
0.2038405
0.2049206
0.2650417
0.2443457
0.2987197
0.3027385
0.2538512
0.1928201
0.2289934
0.2594491
0.231552
0.2609679
0.2833292
0.3022561
0.2598926
0.2526598
0.3015722
0.2922595
0.3083396
0.3887713
0.3758908
0.2790207
0.2472162
0.2582875
0.2702623
0.1730209
0.09136784
0.06903111
0.09134534
0.1237347
0.1194978
0.1433632
0.1364875
0.1658011
0.1947871
0.189709
0.181232
0.2506423
0.2619597
0.2631764
0.3164303
0.3019267
0.2815451
0.313461
0.3003771
0.2553833
0.251044
0.2464293
0.2076837
0.2159304
0.2193954
0.2175922
0.2473729
0.2515393
0.2439498
0.2479494
0.2793242
0.3172502
0.3319274
0.3366472
0.3530211
0.3489362
0.3620614
0.3599583
0.3729846
0.3524589
0.3572765
0.3326891
0.305403
0.2834814
0.2988581
0.2511549
0.2558261
0.2281326
0.2388074
0.2482188
0.2663033
0.244458
0.2461894
0.219761
0.2138225
0.225457
0.2202584
0.2436235
0.2497263
0.2275291
0.2126541
0.2001348
0.1951683
0.2005839
0.2383044
0.2835084
0.2353516
0.215209
0.2304608
0.243872
0.2123089
0.2462284
0.3499223
0.3429621
0.3306939
0.3315754
0.3676408
0.351921
0.3377749
0.3089689
0.2399294
0.1979797
0.1935853
0.2512668
0.2408907
0.2725428
0.1849427
0.180916
0.1659926
0.2033297
0.2310629
0.2455276
0.2062922
0.2002531
0.2220239
0.2486739
0.2217162
0.1873845
0.1730911
0.1819377
0.2056417
0.2354315
0.2054505
0.2397206
0.2603714
0.2815185
0.3153814
0.3220846
0.2969974
0.315138
0.3116226
0.2907241
0.2671415
0.215032
0.2291613
0.2397614
0.22044
0.213599
0.2198261
0.2241642
0.2170024
0.2448176
0.2626229
0.2832623
0.2759311
0.3514549
0.3551523
0.3560144
0.3288454
0.3188071
0.2037277
0.1792334
0.177957
0.1562904
0.09583048
0.1491201
0.1771967
0.2363927
0.2499367
0.1802169
0.1437603
0.1614388
0.1415091
0.1662102
0.1988768
0.1676711
0.2443059
0.2406127
0.2855201
0.2144782
0.1890484
0.2020914
0.2357615
0.2364143
0.2527761
0.2427175
0.2806866
0.3010169
0.3087004
0.2830039
0.3095383
0.2787186
0.2513942
0.1669567
0.1230683
0.0978851
0.1620988
0.1344934
0.2092939
0.261321
0.3262786
0.3186049
0.3393125
0.3514566
0.2822398
0.2939657
0.3142948
0.3529625
0.3574429
0.3743999
0.3700684
0.4064402
0.3658328
0.37995
0.3395773
0.3144125
0.2754024
0.2483868
0.2720862
0.2729118
0.2685694
0.2827886
0.2785102
0.2699359
0.2968988
0.2776085
0.2695147
0.2967696
0.2438517
0.1890237
0.2431686
0.2082123
0.2201581
0.2309631
0.232591
0.2062917
0.2273983
0.2518933
0.3082007
0.3476532
0.2661708
0.2774523
0.3227691
0.2772836
0.2505377
0.2205697
0.2659532
0.2847209
0.2755098
0.3188837
0.3364483
0.3164225
0.2929643
0.3204442
0.2943893
0.287871
0.2502923
0.2775512
0.2594113
0.2901613
0.3088829
0.3134683
0.3075946
0.27255
0.2339456
0.2161601
0.2189568
0.2149419
0.2340034
0.2283344
0.1945858
0.2127971
0.1933325
0.2383238
0.2535916
0.2563468
0.209524
0.1869977
0.1961673
0.2054925
0.2829549
0.2845727
0.3148587
0.3064908
0.3031022
0.2690492
0.2377813
0.1390808
0.199171
0.1860495
0.1314241
0.1216656
0.1504675
0.2218452
0.147303
0.1993473
0.2037162
0.2565063
0.3239818
0.223677
0.2101262
0.2441471
0.2175365
0.2053421
0.1935767
0.1783819
0.187542
0.2185966
0.272207
0.2225098
0.2306716
0.2705821
0.2699724
0.2431863
0.237125
0.2170979
0.2379832
0.1860719
0.1538243
0.1692375
0.2000704
0.1785519
0.1750514
0.1793138
0.144648
0.187367
0.1576196
0.1427503
0.1972314
0.2514525
0.266524
0.2322974
0.2312599
0.161105
0.1288437
0.1270112
0.1622191
0.2361244
0.1968461
0.2161095
0.2419834
0.1902535
0.2238658
0.2725985
0.2757502
0.2631941
0.2851332
0.3044702
0.2591574
0.2558235
0.2534756
0.3267187
0.3582581
0.3641542
0.3801401
0.3555561
0.3193669
0.2432912
0.2595494
0.2706386
0.2305506
0.2763039
0.2789562
0.2426657
0.2663936
0.3133756
0.3411705
0.3351703
0.2991568
0.3054993
0.3921148
0.4148354
0.3949919
0.3321596
0.2682624
0.2222144
0.1960162
0.1771981
0.1602353
0.1731759
0.2216688
0.2382743
0.2567982
0.280692
0.288686
0.3399049
0.3354983
0.2997283
0.2711366
0.2444323
0.245396
0.209915
0.2198937
0.2288242
0.2501905
0.195618
0.1823129
0.2163454
0.1701119
0.2113959
0.1392013
0.1591219
0.1437648
0.1540305
0.2007679
0.2302718
0.2495054
0.2209981
0.2856942
0.2424163
0.245045
0.2697648
0.2823645
0.2839615
0.2657192
0.2615462
0.2739221
0.277077
0.3075851
0.2936546
0.242214
0.2156246
0.2245728
0.2007278
0.1563635
0.2051314
0.2095968
0.2170803
0.2560086
0.2245396
0.262004
0.2124724
0.2272291
0.2496677
0.2496415
0.2332534
0.2210049
0.2283799
0.1940782
0.2471835
0.2380727
0.2576292
0.2584848
0.2205672
0.1992989
0.1788311
0.1889522
0.1961565
0.2444067
0.2077636
0.2467669
0.2964839
0.2685438
0.2392799
0.2447966
0.292138
0.2775413
0.2574943
0.263057
0.1782258
0.2287686
0.2884473
0.2702726
0.2784001
0.3360277
0.2854724
0.2643944
0.2742286
0.2766531
0.2885153
0.2625322
0.2281908
0.2320596
0.1871431
0.1553977
0.1480005
0.116358
0.1460626
0.1800477
0.1654567
0.1674647
0.2103136
0.1484342
0.1654661
0.2031341
0.1969912
0.133958
0.1616202
0.1873942
0.2235405
0.2492795
0.2366263
0.2094361
0.2116171
0.1966494
0.2056149
0.177599
0.2625894
0.3476648
0.3578939
0.3152706
0.3323505
0.3610268
0.3780866
0.3462446
0.3327525
0.3162499
0.366429
0.3022164
0.2815666
0.2733549
0.2203507
0.2308385
0.2089649
0.2457962
0.3126402
0.3223051
0.297388
0.3198378
0.3050093
0.3357057
0.3552122
0.3240127
0.309245
0.2899856
0.2651335
0.296911
0.2913697
0.3111852
0.3417496
0.3317622
0.334003
0.3656494
0.3329367
0.3445362
0.339183
0.3347457
0.3033134
0.3032671
0.295236
0.3007173
0.3070197
0.369726
0.3760641
0.3879475
0.3745259
0.3345982
0.3142513
0.3331388
0.3332946
0.3498093
0.328453
0.3531249
0.3714796
0.4173583
0.3864574
0.3841312
0.392002
0.3679428
0.3867467
0.4132113
0.4081838
0.3468542
0.2993147
0.2960858
0.2643971
0.2312442
0.2212121
0.2371762
0.2409217
0.2331268
0.2319743
0.2029512
0.2444828
0.2709219
0.3336299
0.3561343
0.3232693
0.2906766
0.2916632
0.2301522
0.237713
0.252276
0.2071961
0.245556
0.2012843
0.2538501
0.2084431
0.2389457
0.2019429
0.2750993
0.2506512
0.2636135
0.2787684
0.3664647
0.3478311
0.321454
0.2725673
0.2738233
0.3133223
0.3320386
0.2314281
0.2486956
0.2618745
0.2262338
0.2613532
0.2680738
0.284192
0.2479309
0.2200444
0.2498642
0.2121349
0.2048107
0.1952246
0.2079566
0.2275578
0.2691315
0.2803658
0.2953775
0.2578583
0.2605638
0.259945
0.2198979
0.2210162
0.215085
0.2286742
0.2813922
0.2812619
0.3304495
0.3378186
0.3168328
0.29193
0.2967496
0.2891793
0.2334422
0.2344407
0.2471686
0.2441142
0.2060038
0.2119119
0.2231695
0.2036961
0.1965855
0.2501202
0.2783477
0.2715836
0.3040233
0.2814482
0.323833
0.3060525
0.2400778
0.2240714
0.273075
0.32018
0.382093
0.4015627
0.4091648
0.3723508
0.3859831
0.3623774
0.2541649
0.2090368
0.1973242
0.2095003
0.2001776
0.2225477
0.1685233
0.1688929
0.1411261
0.1783517
0.2268182
0.2562968
0.3144389
0.3566604
0.3786907
0.3317519
0.2996707
0.3218549
0.2386738
0.2328005
0.2236144
0.2486858
0.3052532
0.3036221
0.2782668
0.3328842
0.2849287
0.2648078
0.2346434
0.2646575
0.22879
0.3062089
0.3491395
0.4154263
0.4321162
0.3693582
0.3589514
0.3576423
0.3065635
0.2839482
0.2727868
0.2963352
0.2885293
0.3209648
0.3211132
0.3167575
0.3843698
0.4291458
0.4023195
0.3953227
0.3814157
0.367405
0.3319079
0.361983
0.3570067
0.3892094
0.3065097
0.2884775
0.293274
0.2830761
0.2430147
0.2705968
0.2641082
0.3067024
0.364048
0.3450252
0.3436436
0.372298
0.404453
0.4119192
0.3972241
0.384458
0.3899859
0.3597699
0.362661
0.3339011
0.316148
0.2982393
0.321664
0.344298
0.3501586
0.3798168
0.351398
0.3209894
0.3623699
0.2773969
0.2965154
0.2757999
0.2964987
0.3497293
0.3846683
0.2976388
0.3004449
0.3179666
0.3170221
0.3027379
0.3354593
0.2987212
0.2530871
0.2455871
0.2407243
0.2733416
0.3153511
0.3217901
0.3039141
0.3420456
0.3327758
0.3275854
0.2428679
0.280749
0.2869342
0.308627
0.2619916
0.2644004
0.1962186
0.1937991
0.2392835
0.2300809
0.2044263
0.2252753
0.1686031
0.1968466
0.2202936
0.2587961
0.224995
0.2109756
0.1681088
0.172171
0.1828854
0.2102985
0.2086736
0.2207434
0.2394846
0.2067641
0.1963346
0.2325837
0.2139524
0.1944955
0.2193307
0.171632
0.2243749
0.1839749
0.1371527
0.1327213
0.1725688
0.1717616
0.1778658
0.167362
0.1772724
0.2170909
0.2039617
0.2366365
0.2928514
0.3035837
0.2690734
0.2559097
0.2655698
0.3135194
0.3055557
0.3229551
0.2791532
0.2259187
0.2145409
0.1960061
0.2425858
0.2821406
0.322864
0.3197721
0.3012584
0.2770304
0.211124
0.2057213
0.2859682
0.2626208
0.2835172
0.2517681
0.2473924
0.1928673
0.2835178
0.3235592
0.2900464
0.2879286
0.2374141
0.2359952
0.2412964
0.2461236
0.2694139
0.2745897
0.2421363
0.2297813
0.2474939
0.230325
0.1700676
0.1544514
0.1602553
0.1821685
0.1951392
0.2118505
0.203733
0.307122
0.2901899
0.2541644
0.2369797
0.3139004
0.3338614
0.3348535
0.3195199
0.2955035
0.2755376
0.2886681
0.3107076
0.3213789
0.3067317
0.2547285
0.26969
0.259902
0.2388602
0.2353686
0.2304031
0.2604069
0.2743885
0.2761999
0.2931402
0.2890845
0.2805506
0.3322271
0.342379
0.3328015
0.3200017
0.3020633
0.3228843
0.3157088
0.3157293
0.3077235
0.2962384
0.2496761
0.2834544
0.2953539
0.267362
0.2808418
0.2212347
0.2551716
0.2779618
0.2951913
0.3182387
0.3246205
0.3541021
0.3020009
0.278233
0.2532069
0.1637197
0.2122146
0.2215666
0.2314813
0.2642895
0.2891407
0.2656188
0.2822297
0.2751875
0.2894232
0.2971921
0.3386379
0.3422199
0.3446009
0.342721
0.3600153
0.3223876
0.3001985
0.2827008
0.3516871
0.3660961
0.3353684
0.3239183
0.2133957
0.2337127
0.2351025
0.2169137
0.2161723
0.2392865
0.229583
0.2270553
0.2344774
0.2303766
0.2291592
0.2338709
0.2321376
0.2987416
0.2394836
0.25834
0.269599
0.3382004
0.3503161
0.2701664
0.270307
0.2385767
0.2154895
0.2742894
0.2976177
0.3133235
0.3339573
0.2689961
0.3439765
0.3690851
0.311111
0.3315411
0.2711215
0.2696273
0.3046976
0.2707642
0.2480947
0.2054366
0.2121243
0.2521189
0.307029
0.2674355
0.2932663
0.2777144
0.2324845
0.2345307
0.2560349
0.2432282
0.2337077
0.2420006
0.2193164
0.2648528
0.2335273
0.2040606
0.275191
0.2461602
0.2098958
0.1495
0.1627465
0.1459414
0.1370772
0.1663743
0.1417839
0.128765
0.2091798
0.2688124
0.25911
0.2629716
0.2718749
0.3075999
0.2683772
0.2376245
0.1979546
0.1451184
0.1182767
0.155461
0.1920501
0.188838
0.1956031
0.1943349
0.1993079
0.2029681
0.2036512
0.2341654
0.2969894
0.3134477
0.2889645
0.3282788
0.3528845
0.3142157
0.2987232
0.2864135
0.2618516
0.2576068
0.2815125
0.2825797
0.2936018
0.3235383
0.3241285
0.3026768
0.2985779
0.2795634
0.2739501
0.3168204
0.3533312
0.3362128
0.2996824
0.2622261
0.2556367
0.2475596
0.2219607
0.1747447
0.2192701
0.2420559
0.2381837
0.2099844
0.2514527
0.181731
0.1995232
0.2356973
0.2586352
0.2586102
0.2387039
0.2351336
0.2318945
0.1727485
0.2279179
0.2216756
0.186624
0.247453
0.2661937
0.2857271
0.3184109
0.2807234
0.319954
0.2559459
0.2675146
0.2223428
0.2526983
0.3039569
0.3401171
0.2974802
0.3206367
0.3662469
0.3544957
0.3923876
0.3949238
0.3432157
0.3335125
0.2974181
0.3302562
0.2797048
0.2590406
0.2482692
0.2465806
0.27841
0.2782418
0.2584506
0.2860388
0.2994031
0.3157587
0.3359736
0.2923798
0.2815042
0.2752253
0.30313
0.2939665
0.302697
0.2920085
0.2761664
0.2780524
0.2637564
0.2510271
0.2894045
0.2808119
0.3122322
0.2501006
0.2558183
0.2430095
0.2231897
0.2354575
0.2614798
0.2674042
0.2968346
0.2700479
0.3205803
0.3225962
0.347852
0.3790659
0.3663784
0.2861837
0.2719054
0.2479003
0.2451952
0.2740689
0.2936165
0.252728
0.2514059
0.2624156
0.2639773
0.2567511
0.2519361
0.2790963
0.3068832
0.3082515
0.3068154
0.2628998
0.2724072
0.3057392
0.3047882
0.2722423
0.3329309
0.3306397
0.3184413
0.3668254
0.3276901
0.3135148
0.3333764
0.307804
0.3097902
0.2816425
0.3048072
0.3398024
0.3386278
0.3726956
0.364203
0.3365934
0.2926501
0.2829196
0.2938688
0.2666644
0.266942
0.2812424
0.260784
0.2694418
0.3004969
0.2847174
0.291799
0.2422091
0.2107497
0.27251
0.2801519
0.269949
0.266366
0.2653817
0.2400523
0.2324026
0.2202534
0.2591657
0.2766715
0.3248148
0.3416342
0.29694
0.2782082
0.2673842
0.288798
0.2628441
0.1960719
0.1738259
0.1573946
0.2423157
0.2707084
0.2458607
0.2921847
0.2281492
0.2622614
0.2461384
0.218092
0.194378
0.2138491
0.2306864
0.2090643
0.2025801
0.2297679
0.2249726
0.1913689
0.2034993
0.1595387
0.1912123
0.1968561
0.1520486
0.1230965
0.1229895
0.1137285
0.1593917
0.1704994
0.1647632
0.1146501
0.1246203
0.0846318
0.0745967
0.1327908
0.1828386
0.2088243
0.1708157
0.2234054
0.2475482
0.2746735
0.2312738
0.2308588
0.2542731
0.1737762
0.2095651
0.2201831
0.2244867
0.2260292
0.2086059
0.2015945
0.1689859
0.1509593
0.1780491
0.2294501
0.2310223
0.1963675
0.2662031
0.2815037
0.3142428
0.3026452
0.2647636
0.2414249
0.1776519
0.1637864
0.1890572
0.1533602
0.1556995
0.1509377
0.1841981
0.2540957
0.2914552
0.300631
0.3259965
0.3236921
0.294295
0.2836663
0.2739673
0.2401443
0.2721089
0.239227
0.2637991
0.2446717
0.268987
0.286317
0.2925833
0.2607682
0.3002756
0.2948657
0.2734025
0.3036432
0.297317
0.3121626
0.324645
0.3046646
0.3043337
0.2459034
0.2471781
0.2890412
0.2903624
0.2535926
0.2343907
0.1548065
0.2175454
0.1976973
0.1654232
0.1821634
0.1834363
0.1995942
0.165982
0.2211703
0.216459
0.2336062
0.2283496
0.2612481
0.2990399
0.3194719
0.2866893
0.2823378
0.2851772
0.296922
0.2500148
0.2292727
0.2287871
0.2086029
0.2296961
0.2720886
0.2796035
0.2762705
0.2634306
0.2529717
0.2680194
0.2789335
0.2779455
0.2609661
0.2857868
0.3057753
0.2730054
0.2960321
0.3010144
0.2981376
0.3233708
0.3540192
0.3304872
0.322681
0.3234741
0.3542316
0.3559722
0.3505812
0.3162825
0.2762127
0.2326045
0.2016052
0.1998403
0.2231626
0.2252086
0.2212733
0.1388687
0.2264082
0.2335615
0.2288658
0.2367367
0.2164255
0.2140901
0.2289291
0.2538039
0.2354859
0.2248681
0.3032137
0.2966133
0.3012988
0.2745856
0.2529389
0.2961163
0.2915833
0.2807076
0.2575311
0.2266464
0.2788824
0.2246996
0.2244263
0.2215655
0.2374208
0.2115601
0.2100424
0.1893772
0.2655584
0.3126683
0.2967059
0.2753862
0.2367087
0.1879737
0.1554459
0.1582703
0.144424
0.1949907
0.2131237
0.2036614
0.2500939
0.2660349
0.3129089
0.3517138
0.3490708
0.3821284
0.3820528
0.3887252
0.3504151
0.2909035
0.2551988
0.2590876
0.2131942
0.1727978
0.1503803
0.1855136
0.1623075
0.1711469
0.2204805
0.27512
0.3074606
0.309368
0.2913365
0.3154915
0.2813466
0.3046684
0.2956362
0.2794041
0.3265128
0.2876836
0.278729
0.2850298
0.2180841
0.2003003
0.2484334
0.2324152
0.1879943
0.2109969
0.1747207
0.118397
0.08861831
0.07728623
0.05640723
0.09640991
0.1320374
0.2057732
0.221722
0.2179074
0.2043796
0.2777893
0.2652295
0.220626
0.2899288
0.2241876
0.2260865
0.2251285
0.2068924
0.2479622
0.2144264
0.1718401
0.1974671
0.2035588
0.2466236
0.2315385
0.2011568
0.206832
0.1747055
0.190641
0.190272
0.2301815
0.1861917
0.2285917
0.2425296
0.2684056
0.3056384
0.3007067
0.2977475
0.3165156
0.3255652
0.294025
0.3100001
0.2795882
0.3040843
0.2898975
0.2418083
0.269676
0.2380636
0.2156906
0.2445453
0.2570829
0.2597449
0.2890126
0.2923386
0.2996771
0.2368986
0.2544376
0.2549362
0.2641148
0.2641619
0.2874166
0.2584039
0.2503216
0.2619456
0.2076803
0.2678567
0.234304
0.219688
0.2297307
0.2836663
0.3027402
0.2688369
0.2864037
0.325394
0.3454589
0.3129992
0.2670901
0.2577207
0.2084322
0.2460263
0.256165
0.3082095
0.3034188
0.2805391
0.3303141
0.2981452
0.3313218
0.2709813
0.2805641
0.2351277
0.2558944
0.2349771
0.2985515
0.3320081
0.3080556
0.2371072
0.2160895
0.176281
0.1654561
0.205279
0.2251755
0.2214307
0.2456713
0.2432873
0.2776114
0.2472003
0.2400466
0.281874
0.2528396
0.3185335
0.3243717
0.2962065
0.2993535
0.3278901
0.3256029
0.2998797
0.3083761
0.2772591
0.2918986
0.301833
0.2976019
0.266139
0.280057
0.2225685
0.2559886
0.2608404
0.2538322
0.2053487
0.1733573
0.2492968
0.2312784
0.2100219
0.2160139
0.1639537
0.1421842
0.1797706
0.1553678
0.1494945
0.08168758
0.1082745
0.1485798
0.2077092
0.2962953
0.2982214
0.2981461
0.3393298
0.3544805
0.2698811
0.2787008
0.3155189
0.2471862
0.2680727
0.2652046
0.2630111
0.326195
0.3493856
0.3688858
0.3182558
0.2987126
0.3049157
0.2678764
0.2510137
0.2470586
0.2435174
0.254244
0.1771753
0.1980708
0.1823517
0.2062319
0.1967394
0.2258547
0.2411316
0.2368254
0.2701736
0.2393406
0.2858674
0.3155409
0.3113613
0.2680388
0.2559074
0.2635405
0.2199335
0.2618511
0.2507692
0.23511
0.2682263
0.2258412
0.246694
0.2420267
0.2274079
0.215621
0.2591317
0.2515244
0.2127052
0.2256311
0.263088
0.2776486
0.2710213
0.2920131
0.26552
0.2306335
0.286843
0.2746369
0.2807674
0.2671182
0.1903574
0.1702275
0.1709906
0.1992516
0.1577189
0.1940124
0.1651981
0.1946115
0.206353
0.1928569
0.2356363
0.2153515
0.2431177
0.2197366
0.2146517
0.2292957
0.2537
0.2026145
0.2081028
0.1900343
0.149324
0.1399788
0.1462453
0.1297449
0.1600615
0.1490979
0.1802356
0.1790539
0.132341
0.1413682
0.1145974
0.1623193
0.191664
0.2059381
0.2345356
0.1580672
0.09777348
0.07691738
0.1209766
0.169289
0.2103878
0.1927615
0.2605318
0.3284376
0.4199097
0.4186503
0.4119558
0.4043151
0.3509836
0.3747561
0.3748827
0.319274
0.2875615
0.2833753
0.3071252
0.2850782
0.2648963
0.2775237
0.2578172
0.2685407
0.2508395
0.248899
0.2728071
0.2925911
0.2710177
0.22577
0.2462792
0.2139257
0.2761553
0.2930805
0.2829388
0.3112464
0.307135
0.2546104
0.2299284
0.2098787
0.214377
0.2405737
0.2492928
0.2399357
0.1744754
0.1440654
0.09901832
0.1462482
0.209326
0.17904
0.275933
0.3342466
0.3267911
0.3346785
0.301783
0.2398716
0.2243069
0.2173808
0.2105151
0.1951436
0.2380597
0.232456
0.2399075
0.2234237
0.187827
0.2049518
0.2097667
0.2058612
0.1593936
0.1085242
0.09541366
0.1170468
0.1583271
0.1608579
0.1855016
0.1726353
0.1761325
0.1734871
0.1316414
0.09719279
0.126848
0.1234458
0.1941638
0.1950392
0.1717536
0.2232854
0.2384563
0.282675
0.2663394
0.2831142
0.3029498
0.327289
0.3242553
0.320946
0.3222386
0.3172009
0.2847919
0.2427855
0.2604914
0.2289798
0.2406508
0.2002999
0.1965091
0.1487009
0.1507644
0.2073216
0.2037041
0.205521
0.2555016
0.2258144
0.2456692
0.2899906
0.29957
0.2896407
0.321059
0.3258299
0.3499646
0.3673684
0.3281327
0.33897
0.290226
0.2598794
0.2634013
0.2853316
0.2784185
0.2305381
0.2604512
0.2879517
0.2931322
0.259146
0.2579657
0.2798743
0.2349305
0.2388793
0.2647272
0.2776077
0.253475
0.2363221
0.2086376
0.1541591
0.1386439
0.1380363
0.1280516
0.1611849
0.1149835
0.1067872
0.09196675
0.04482299
0.1126441
0.1063136
0.1395509
0.1794323
0.2215615
0.2835807
0.2937732
0.3203015
0.3307613
0.2934248
0.2595008
0.2429377
0.2364079
0.2132506
0.1636056
0.1667814
0.1859393
0.1703412
0.1702027
0.2538566
0.2600114
0.264667
0.2836067
0.3553602
0.3715646
0.3955885
0.3056929
0.307969
0.354315
0.3316541
0.3115773
0.3179534
0.3223638
0.3432967
0.3791565
0.3808174
0.3572839
0.3338579
0.3041649
0.2693415
0.2746523
0.2124916
0.2235202
0.2626429
0.2726353
0.2546573
0.2814682
0.2726524
0.2913712
0.2761016
0.2878925
0.3146706
0.3698863
0.4143534
0.3821996
0.3955845
0.3567912
0.3842146
0.3914535
0.3690945
0.326268
0.3189693
0.3145504
0.3006157
0.3275803
0.2880366
0.2187813
0.1704407
0.1739946
0.1577071
0.1643979
0.1625927
0.1968051
0.1939828
0.1792476
0.2417276
0.2740846
0.2336902
0.3265582
0.3174812
0.348895
0.4276512
0.4030943
0.4117248
0.3423823
0.3465012
0.3235443
0.3496007
0.3138148
0.3258481
0.358183
0.3346183
0.2903819
0.2852264
0.3066632
0.3314968
0.2546511
0.2507242
0.2568935
0.2608458
0.2951038
0.2904651
0.2779328
0.2916525
0.2889184
0.2823769
0.290398
0.3292049
0.2697438
0.2952556
0.2960986
0.3045632
0.3070936
0.3107161
0.3196515
0.3298018
0.2806981
0.29013
0.2714155
0.2424349
0.1580623
0.1603862
0.2195362
0.2309999
0.2946027
0.2982136
0.255111
0.2065734
0.2108099
0.1872623
0.1912179
0.2237585
0.2910445
0.2765444
0.32527
0.3538376
0.3082249
0.3278941
0.3382281
0.3463609
0.3448997
0.2821559
0.260388
0.230547
0.203269
0.1993144
0.1800095
0.2252729
0.2449241
0.2337796
0.2386422
0.2464926
0.2645952
0.2863011
0.3204836
0.3046404
0.2304164
0.2471054
0.2408673
0.2441919
0.2342391
0.2570699
0.2491153
0.2902423
0.2745228
0.3089008
0.3024908
0.2164426
0.2734276
0.2826956
0.2691253
0.2799209
0.2235527
0.2318457
0.1800019
0.1800046
0.2208346
0.2030475
0.1791952
0.2262773
0.2507742
0.2701306
0.293402
0.2770917
0.2802917
0.317717
0.3314077
0.3570379
0.3546881
0.2932324
0.3049253
0.2627101
0.2673739
0.2658505
0.2390935
0.2537409
0.333395
0.3636033
0.3219409
0.3128447
0.2802314
0.3098335
0.3187379
0.2897375
0.2703771
0.272448
0.2674883
0.2814204
0.2943005
0.2522808
0.2205093
0.1598388
0.218852
0.2308732
0.2056445
0.1896659
0.1871867
0.2169879
0.2630387
0.2104057
0.2181862
0.23535
0.2648427
0.2552927
0.221983
0.1891935
0.1936252
0.2520767
0.2677081
0.2753686
0.2501131
0.3086515
0.2855413
0.3161394
0.3768092
0.380038
0.3613524
0.3370147
0.3508881
0.3608339
0.3525453
0.357823
0.3580039
0.3660895
0.3561811
0.393804
0.4246255
0.3652323
0.34239
0.3737906
0.3204863
0.2805348
0.2859162
0.2915227
0.3050615
0.2842127
0.2483024
0.2586962
0.2174356
0.2377113
0.2299817
0.2208738
0.2688724
0.3004212
0.2702607
0.2880489
0.3020097
0.2841738
0.310241
0.2791016
0.2544819
0.2495113
0.2292219
0.1722087
0.1787782
0.1786483
0.1509798
0.1989428
0.208489
0.1961844
0.1971535
0.210711
0.2169731
0.2181792
0.2659499
0.2480478
0.270124
0.2882257
0.2677949
0.2331077
0.2129991
0.221417
0.2443755
0.2542985
0.2754678
0.281244
0.2474561
0.2787728
0.2678228
0.2636342
0.2740939
0.2065216
0.1907596
0.17911
0.2012518
0.2083385
0.1781769
0.1764227
0.1950006
0.207639
0.2189158
0.2412587
0.2573715
0.2717958
0.2724048
0.2795221
0.3005135
0.2931078
0.2480267
0.2917746
0.2408912
0.2599285
0.2694897
0.2474521
0.2296599
0.267825
0.2623851
0.2447701
0.2978664
0.287867
0.2306776
0.2516381
0.2813663
0.2576229
0.236994
0.2274229
0.2275361
0.2452896
0.2382846
0.2267306
0.2425549
0.2310387
0.286223
0.2746137
0.3221452
0.322185
0.3547244
0.25586
0.3188824
0.3206795
0.2939304
0.3235486
0.2991737
0.2244407
0.2127143
0.245442
0.1831645
0.1732067
0.1878335
0.2393431
0.257441
0.232305
0.2307942
0.2504602
0.2176319
0.2161679
0.2248144
0.2690332
0.3297775
0.3298773
0.2969144
0.3281053
0.3400528
0.3395689
0.3324823
0.3432322
0.3237078
0.3178523
0.3229164
0.2725793
0.2629833
0.2766627
0.2087493
0.2357159
0.235246
0.229976
0.280003
0.3618676
0.3764549
0.4275059
0.3940077
0.3963538
0.3704055
0.3105193
0.2670467
0.2987382
0.2954375
0.3264348
0.3367971
0.3454679
0.3340734
0.3618363
0.3079398
0.2426814
0.2580826
0.2409066
0.2612906
0.259799
0.2186927
0.1972769
0.237946
0.2371212
0.2218006
0.2472403
0.2370757
0.2329154
0.2655723
0.2340075
0.2450149
0.2677384
0.2594217
0.1983176
0.2159479
0.1936087
0.2248756
0.2373904
0.271663
0.2562656
0.2527449
0.2205385
0.2342521
0.272777
0.2565651
0.2749922
0.3002801
0.287864
0.3186224
0.2338322
0.2471251
0.2241141
0.267396
0.2397105
0.2284074
0.2095382
0.2055176
0.2664448
0.2387255
0.2293725
0.1680565
0.1836426
0.1983361
0.2313176
0.2416746
0.2271416
0.2512017
0.2675479
0.2582568
0.30231
0.2820178
0.3210434
0.3157892
0.243538
0.2457746
0.31404
0.3338391
0.3267696
0.2642011
0.2532311
0.2393552
0.2771523
0.225279
0.2265822
0.2241207
0.1992114
0.1672075
0.1938219
0.2227452
0.2115991
0.2190026
0.2611186
0.3032542
0.3380002
0.3027998
0.2834352
0.2598878
0.2587373
0.2188463
0.1898302
0.2589002
0.274981
0.3101238
0.3400851
0.3238342
0.3815855
0.3748371
0.3804445
0.3652251
0.3649412
0.3714377
0.3884172
0.3788628
0.3139272
0.2697569
0.243267
0.2344657
0.1887151
0.161919
0.250704
0.1883343
0.1685507
0.1961814
0.2338374
0.2529922
0.2659738
0.3105788
0.3335713
0.2846121
0.3220859
0.3562562
0.33017
0.3331404
0.3264778
0.3581927
0.3852133
0.410089
0.4105968
0.4342563
0.3985045
0.4089669
0.3444726
0.3086705
0.3239571
0.3279699
0.3452218
0.3169167
0.3363456
0.3192612
0.386913
0.3404096
0.3054251
0.3331933
0.3159553
0.2827847
0.2910977
0.2891554
0.2427246
0.2814947
0.3056596
0.3455373
0.3246613
0.3389825
0.2952005
0.2629618
0.2525017
0.2632085
0.2778736
0.2527794
0.2484578
0.2174698
0.1950957
0.184496
0.1695757
0.1441077
0.162798
0.2033637
0.2690405
0.332963
0.3481701
0.3531966
0.3424787
0.3083963
0.2998045
0.2600704
0.244267
0.2245542
0.2494811
0.1962653
0.2332794
0.2441181
0.2653517
0.2240788
0.2515328
0.2350631
0.2550021
0.2628663
0.2512452
0.2302076
0.2885105
0.3509738
0.3659111
0.3735719
0.3829543
0.3760589
0.3957584
0.3323475
0.3386555
0.3801606
0.4144015
0.44473
0.4840743
0.4558295
0.4359719
0.4229984
0.426598
0.4626135
0.427898
0.3813191
0.3254396
0.2620449
0.2460825
0.2524103
0.2788062
0.307234
0.2772191
0.3299499
0.2895512
0.2905009
0.2524528
0.2696084
0.2720443
0.248189
0.2808601
0.3284258
0.3499641
0.3511444
0.3568441
0.3786629
0.3844766
0.3844998
0.4023801
0.3532513
0.2763062
0.2896984
0.243504
0.2214642
0.2142684
0.2264095
0.1998156
0.1869867
0.2044212
0.2103509
0.2335821
0.2180712
0.2152478
0.2517666
0.2926222
0.2913302
0.2742587
0.2283563
0.194391
0.1560929
0.1430175
0.1997904
0.2123519
0.1978848
0.1830603
0.2137625
0.2386903
0.2591572
0.2642191
0.2766166
0.2595063
0.2487619
0.2174203
0.2242809
0.2341877
0.1878442
0.1756612
0.2063696
0.20812
0.1796228
0.2433406
0.1962377
0.2356892
0.271471
0.2733441
0.2655912
0.2234032
0.2455548
0.2341781
0.254903
0.3132507
0.3087557
0.291078
0.3093198
0.2794444
0.2363525
0.263024
0.2502858
0.2365949
0.2571877
0.2290125
0.2967846
0.3018958
0.2994687
0.2986955
0.2687139
0.2971839
0.2565662
0.230843
0.2166759
0.2047922
0.2137858
0.213064
0.2126837
0.1920546
0.2739588
0.2689259
0.3287137
0.3415497
0.298249
0.3272167
0.2808297
0.2643487
0.307568
0.3017278
0.3614312
0.36464
0.3275316
0.333881
0.345764
0.2864708
0.2488436
0.2351312
0.2533409
0.2609435
0.3179625
0.333719
0.3101686
0.2588929
0.2622929
0.302057
0.2951248
0.2727662
0.3061973
0.2506533
0.2704657
0.2767932
0.249784
0.1836924
0.1998883
0.1657889
0.2023223
0.1568142
0.1903895
0.1563246
0.1399245
0.1479109
0.1614861
0.2061367
0.2104014
0.213344
0.1940004
0.224829
0.2392945
0.2727116
0.292516
0.2623521
0.1533147
0.1845806
0.2012954
0.2203371
0.2326443
0.2175604
0.2194209
0.2411074
0.2320431
0.1996675
0.1783945
0.1790377
0.2004994
0.2015362
0.235486
0.278516
0.3028295
0.3121431
0.3196244
0.3241127
0.2638238
0.2815907
0.301889
0.3080979
0.3116764
0.3030719
0.3125803
0.2515352
0.2469984
0.2362017
0.2728144
0.306594
0.3738638
0.3885033
0.3878459
0.3750174
0.3901158
0.3914928
0.4314661
0.4208485
0.4243714
0.4082694
0.4001334
0.3632759
0.4150894
0.4284487
0.421159
0.4637217
0.4695336
0.4496915
0.4381973
0.4261809
0.4204258
0.4378462
0.4407754
0.4045574
0.4197063
0.3963544
0.3687185
0.3857069
0.3186377
0.3474345
0.3513242
0.3354309
0.3268535
0.3174778
0.35361
0.3678174
0.396012
0.3428545
0.331303
0.3168042
0.2438111
0.2541611
0.1997553
0.1971078
0.1773813
0.2032389
0.2350155
0.2535537
0.3051639
0.3318087
0.3562657
0.3570613
0.3816348
0.3685788
0.3983972
0.4064487
0.425778
0.3595794
0.3448408
0.3328583
0.3219124
0.2482657
0.2790548
0.318184
0.2697828
0.2845373
0.3102682
0.2841802
0.3140949
0.2814194
0.2704514
0.2541326
0.237341
0.1852457
0.2138169
0.1976892
0.2188722
0.1428727
0.08695411
0.08960832
0.1137698
0.145593
0.1840194
0.2361991
0.2576472
0.281836
0.272583
0.2501383
0.2525249
0.2471896
0.2445812
0.2333293
0.2023153
0.234755
0.2786712
0.2821553
0.3169298
0.2794812
0.2641771
0.2732257
0.2215932
0.1975599
0.2423335
0.2638994
0.2737389
0.2637308
0.2477349
0.2153933
0.1852185
0.2304262
0.2118242
0.2153258
0.2801348
0.2606793
0.311193
0.2728425
0.3044173
0.3081779
0.3346743
0.2912771
0.2627736
0.2386463
0.2500815
0.2259374
0.2470421
0.2568874
0.2615599
0.2585527
0.2413113
0.2161426
0.2359414
0.2090005
0.1969618
0.2320493
0.2886574
0.3292899
0.3266716
0.3223555
0.3085381
0.266385
0.2052509
0.2348043
0.182841
0.138426
0.1559106
0.1434317
0.195307
0.2481039
0.2260206
0.1947633
0.1745839
0.2019581
0.2035327
0.1517917
0.21282
0.2268957
0.2158407
0.2124678
0.2514954
0.2420914
0.2570133
0.2839913
0.3328406
0.3764005
0.3617915
0.4277185
0.4606452
0.4081285
0.436744
0.4517771
0.3934859
0.3567803
0.3050432
0.2900302
0.2491076
0.1971107
0.2112639
0.2241891
0.2861398
0.3173427
0.3438438
0.3152627
0.3518599
0.3578642
0.3428024
0.328704
0.2933571
0.2493492
0.2169498
0.1807909
0.212613
0.2258518
0.2301248
0.2339514
0.2322867
0.2401094
0.2658725
0.2633212
0.2448967
0.2530306
0.203218
0.2142448
0.1919877
0.2349482
0.238092
0.2307001
0.2870632
0.2779929
0.3201836
0.3360417
0.2817571
0.2791893
0.3066879
0.3150199
0.2753578
0.321053
0.3451889
0.2992696
0.2901397
0.2708393
0.2548136
0.2987365
0.3653691
0.3325741
0.360959
0.2515401
0.2189886
0.2001453
0.1927798
0.2180144
0.2817643
0.35359
0.3046289
0.3276976
0.3264788
0.3295868
0.3462407
0.3608539
0.3455115
0.3100641
0.3221904
0.3501713
0.2991577
0.333275
0.2633059
0.2900645
0.3201095
0.3267873
0.3185356
0.3040144
0.2963166
0.3099948
0.2387179
0.2004985
0.2157143
0.2328141
0.2344906
0.2768862
0.2402761
0.2191599
0.2016965
0.1963554
0.2611334
0.287354
0.2438931
0.1736
0.1614286
0.2064644
0.2056142
0.1825194
0.1892823
0.1764074
0.1781525
0.1846827
0.1755895
0.2012179
0.2127958
0.2287738
0.3029116
0.3257636
0.3218145
0.3037431
0.3275688
0.3276291
0.3084462
0.291983
0.2245032
0.2714904
0.3214413
0.3016789
0.2354067
0.2600477
0.2683237
0.2316558
0.2330492
0.1938598
0.2001027
0.190279
0.215569
0.3013869
0.2723407
0.2392073
0.2234407
0.2414646
0.228358
0.2628113
0.2102516
0.2374449
0.2439254
0.2457705
0.219512
0.2423477
0.2281443
0.2058633
0.2248883
0.2451588
0.287126
0.3458208
0.3067199
0.2900929
0.3106434
0.2972498
0.2974937
0.3109616
0.3291246
0.2721098
0.2831328
0.2652104
0.226611
0.2249487
0.2239439
0.2622761
0.2593114
0.2290228
0.2401025
0.240368
0.2603429
0.2516235
0.2464306
0.2848641
0.2833744
0.2942445
0.3114808
0.2930902
0.3087483
0.3128158
0.309637
0.3100073
0.3089914
0.2778966
0.2672334
0.2810765
0.2323215
0.2283967
0.2310589
0.1615019
0.2044415
0.2801477
0.3003436
0.3268934
0.2817152
0.2609403
0.2584099
0.2262268
0.2576463
0.2836366
0.3173927
0.3126551
0.3685279
0.3629207
0.3678546
0.3674535
0.3697216
0.4232348
0.4396243
0.4366217
0.4074608
0.4024943
0.4556344
0.4503727
0.4116821
0.462839
0.4890982
0.4813108
0.4189319
0.475728
0.4639119
0.4566906
0.44778
0.4331352
0.427123
0.3986121
0.3705453
0.3686525
0.3079889
0.3115168
0.3328576
0.3415728
0.3922952
0.3780805
0.3749991
0.3403087
0.3149307
0.3303899
0.3552309
0.3235723
0.2380328
0.2151923
0.2347624
0.2427577
0.2542348
0.2351686
0.2928625
0.3087933
0.3102379
0.2999443
0.2839045
0.2434205
0.2029285
0.165435
0.194164
0.2158202
0.2527887
0.1831029
0.1547278
0.09648923
0.09784646
0.1834177
0.1527484
0.1860569
0.1683559
0.1755928
0.1437244
0.12054
0.1255199
0.2324582
0.2370739
0.2100732
0.2422958
0.2674743
0.3338648
0.2603313
0.2441638
0.194882
0.2137619
0.2638788
0.2482509
0.2729832
0.3361927
0.3395289
0.3458956
0.3413799
0.2908276
0.2591265
0.2731058
0.2462515
0.2479927
0.2961897
0.2917094
0.3211598
0.323966
0.3077004
0.2962817
0.2859747
0.2473784
0.2419066
0.2416505
0.2131733
0.221979
0.2200098
0.1984777
0.2422865
0.2064332
0.2925392
0.2843857
0.2798988
0.2555611
0.2600225
0.2581349
0.2096094
0.2110569
0.1503441
0.1065727
0.119587
0.1500408
0.1822125
0.2045613
0.1724788
0.2102656
0.216021
0.2489657
0.2577101
0.3109788
0.3125722
0.3095413
0.2654326
0.2687065
0.2733054
0.2317832
0.2415347
0.2219358
0.1910796
0.1957697
0.187913
0.1910085
0.2019766
0.2295657
0.2573321
0.2496229
0.2187377
0.2842007
0.2675034
0.2602601
0.2601328
0.2483155
0.2649595
0.2284192
0.2080691
0.2623053
0.2479376
0.1917989
0.2136411
0.2621644
0.3022019
0.3081259
0.2672245
0.275189
0.3467485
0.3954026
0.3898722
0.3552246
0.3669539
0.2781687
0.2840995
0.3254479
0.3787127
0.4123825
0.3816655
0.3433805
0.3328243
0.3153186
0.2793269
0.2970029
0.2862388
0.2505606
0.2775589
0.2800086
0.2903333
0.2598185
0.2576162
0.1735259
0.2091932
0.1866749
0.1759836
0.1662483
0.1290754
0.1094619
0.1299328
0.09702063
0.1230352
0.1407229
0.1728599
0.2074267
0.2207642
0.1856813
0.2762625
0.3444077
0.3587898
0.3743647
0.3648972
0.3277528
0.350327
0.4174522
0.3660184
0.4125515
0.4071348
0.3499183
0.3599882
0.3480121
0.3353606
0.3681938
0.3494045
0.3678488
0.3601801
0.3923274
0.3062449
0.3790326
0.3380986
0.2859804
0.2750061
0.2624331
0.3170542
0.3407491
0.3369459
0.3021569
0.2978313
0.2342092
0.2762054
0.2520357
0.2677067
0.2424404
0.299415
0.2722798
0.2747067
0.3081559
0.3280696
0.2845314
0.282259
0.2790935
0.2091656
0.2362699
0.2630243
0.2589455
0.2128998
0.201445
0.2387394
0.2372576
0.2473386
0.2494348
0.2475558
0.2569631
0.3171197
0.3224482
0.3230648
0.2903467
0.2953692
0.3079042
0.2645526
0.2242448
0.2218628
0.225209
0.2194576
0.2476607
0.2090333
0.1559267
0.2097366
0.2513734
0.2492046
0.2441259
0.2117958
0.1893622
0.205111
0.2689007
0.199222
0.202312
0.1834635
0.1773833
0.1301385
0.122179
0.1559895
0.1634205
0.1666864
0.1941187
0.2123305
0.2048957
0.1718751
0.2134314
0.1843976
0.2335166
0.2502095
0.248706
0.2815513
0.3295154
0.3483133
0.3071441
0.2749081
0.2654368
0.2741915
0.2295183
0.2495776
0.3054276
0.3618838
0.3293214
0.3040107
0.2680195
0.2705433
0.2922436
0.296814
0.2824781
0.2686375
0.2800586
0.2884346
0.2504904
0.2468398
0.2856512
0.2988324
0.301868
0.2941812
0.2437612
0.230139
0.2329276
0.2557794
0.1964785
0.2350029
0.2881871
0.2915508
0.3425172
0.3710626
0.3904206
0.3884506
0.3111385
0.2612512
0.2789575
0.271812
0.2494879
0.2744971
0.2408244
0.2649828
0.2510896
0.2217597
0.2027163
0.1892066
0.2130576
0.2561054
0.2475014
0.2396003
0.2344443
0.2808299
0.228814
0.2266507
0.2223079
0.1976617
0.2329681
0.2684492
0.2771349
0.286465
0.2773655
0.24307
0.2204929
0.1308665
0.1039103
0.1342353
0.1491688
0.2054251
0.1887615
0.2268106
0.2168099
0.2414058
0.2770937
0.2867873
0.2891649
0.2889726
0.2295156
0.2678943
0.2608345
0.2679487
0.3155301
0.2777333
0.2693859
0.2286145
0.2200328
0.1463339
0.2184381
0.2500897
0.2377124
0.2125878
0.262421
0.2454091
0.2214515
0.2048661
0.2108096
0.1862305
0.1608408
0.1992685
0.2056374
0.2076221
0.2220066
0.258512
0.2139484
0.2065605
0.1964001
0.2095
0.1498771
0.1984985
0.2707641
0.3277227
0.3156701
0.3137468
0.3222942
0.3158557
0.302144
0.2657904
0.2143375
0.2032396
0.1934186
0.253989
0.2547514
0.2578416
0.2407476
0.2239217
0.2322324
0.2757073
0.2580179
0.2440973
0.2457052
0.226022
0.2136555
0.200265
0.2461129
0.2372988
0.202698
0.2635685
0.2253028
0.2446211
0.2700914
0.3230103
0.3128398
0.3068521
0.308461
0.2824293
0.2941305
0.2980219
0.2631254
0.278711
0.2601858
0.2548009
0.2662251
0.2659315
0.3067096
0.3382027
0.3239455
0.2174235
0.1988468
0.1648297
0.132394
0.216698
0.161127
0.2165477
0.1911163
0.1595656
0.2017301
0.2977921
0.295346
0.2974708
0.3484157
0.3658335
0.3587416
0.3232408
0.323988
0.2983219
0.2440682
0.2252778
0.2539973
0.2652814
0.3225552
0.3098027
0.3083162
0.3050245
0.2978323
0.3101114
0.3023525
0.3490835
0.3077734
0.2771124
0.3052059
0.3052464
0.3250551
0.347079
0.3393806
0.3621084
0.292024
0.286544
0.3192249
0.3425972
0.2890589
0.2721909
0.3023123
0.3258558
0.3241048
0.268968
0.2656716
0.2866688
0.299713
0.3409547
0.3139612
0.2525755
0.239349
0.2662442
0.203088
0.2186569
0.178261
0.2078477
0.2173624
0.202504
0.2301102
0.2559004
0.2528114
0.2297191
0.1926739
0.2172822
0.2258578
0.2468642
0.2769661
0.296679
0.3268034
0.3195431
0.3278699
0.3153363
0.3534668
0.3421615
0.3718408
0.4038241
0.426826
0.4004701
0.3867614
0.3954364
0.4042362
0.3838756
0.4326439
0.4437596
0.4153043
0.3506714
0.286392
0.2268874
0.1721373
0.1955298
0.2237554
0.2025866
0.2216746
0.2218225
0.2031729
0.2101796
0.2302007
0.2546032
0.233061
0.2751111
0.2427422
0.2460213
0.2329678
0.2572782
0.2881757
0.3167568
0.3843349
0.3530127
0.3143994
0.3046378
0.2987438
0.3026076
0.3568465
0.3862896
0.4089468
0.4210764
0.3969315
0.3687997
0.3233712
0.3411081
0.3105224
0.2936301
0.317673
0.3493152
0.308949
0.302349
0.2028987
0.2760811
0.3112401
0.3122761
0.3230822
0.3173881
0.3576778
0.3296511
0.2930465
0.247937
0.2552497
0.2304983
0.2798174
0.2660439
0.2120021
0.241553
0.2216359
0.2151197
0.2404968
0.2456603
0.2389859
0.1931356
0.1583757
0.1578565
0.1225459
0.09086965
0.09443465
0.1331208
0.06967001
0.09373498
0.1597957
0.180648
0.1892675
0.1766161
0.2016869
0.2088346
0.224521
0.2272069
0.195432
0.2118138
0.2046021
0.2343318
0.2136401
0.2245102
0.2427236
0.2555185
0.2754137
0.2563923
0.2238177
0.2168669
0.3074509
0.3061064
0.3243754
0.3147171
0.3361858
0.3275397
0.2461512
0.2503189
0.2195162
0.1967367
0.1899261
0.225037
0.1995472
0.1558001
0.1665688
0.1923242
0.2026433
0.2627756
0.2575397
0.3074215
0.3483858
0.3412522
0.3200417
0.2744795
0.2754892
0.2953764
0.3009644
0.2649825
0.3117926
0.3497386
0.3566046
0.4083686
0.3821173
0.3602068
0.3531749
0.3148617
0.2754963
0.2802633
0.2837859
0.3001369
0.3169885
0.2870982
0.2815035
0.2508086
0.2148718
0.248462
0.2779462
0.2772398
0.2766404
0.2995748
0.3123448
0.3493993
0.3357462
0.3252732
0.3413308
0.3152394
0.3207573
0.3172615
0.2704608
0.2816139
0.3130322
0.2964158
0.2816612
0.3173059
0.2518539
0.2522108
0.3029647
0.2863804
0.1906979
0.2113977
0.2543752
0.2629128
0.2960411
0.2882329
0.2066495
0.1891925
0.2175572
0.2237633
0.2487654
0.2826512
0.2595392
0.3075293
0.351749
0.3249977
0.3343846
0.3173991
0.3106809
0.3194614
0.326372
0.3571172
0.3096625
0.3185558
0.3504576
0.3643874
0.3635633
0.3495153
0.3543905
0.3520573
0.3351758
0.3022914
0.3246008
0.3375164
0.2922781
0.2599988
0.2331333
0.2307875
0.2185895
0.2749429
0.2680701
0.2463371
0.2578153
0.2486484
0.2896947
0.2637735
0.2079461
0.2199954
0.1856068
0.2139953
0.1841515
0.1418989
0.159145
0.215157
0.2343567
0.2941466
0.2487
0.2388438
0.2444418
0.2442711
0.1890451
0.1499235
0.165599
0.2233583
0.2422837
0.2536366
0.2843776
0.3409955
0.3285983
0.3149385
0.3550441
0.3137257
0.2828104
0.284124
0.3134003
0.3008926
0.3527124
0.3324909
0.2928677
0.3742812
0.3452476
0.3450689
0.3475782
0.3358564
0.2758328
0.3131238
0.2713316
0.2671275
0.3187579
0.3056805
0.2879855
0.2750425
0.2997378
0.3124726
0.3374073
0.3142625
0.2878961
0.2467189
0.2307301
0.2379303
0.2427229
0.2656767
0.2757669
0.2819106
0.230782
0.2211911
0.227465
0.1653694
0.2145441
0.2172324
0.1932789
0.1914311
0.1654052
0.193647
0.2061797
0.2623071
0.2381175
0.2580908
0.2659795
0.230527
0.1893977
0.159675
0.2069352
0.2365826
0.2716451
0.2368515
0.2638347
0.3268691
0.2987237
0.3019459
0.2972764
0.3820989
0.3814816
0.3752604
0.3624051
0.4287883
0.4204671
0.4022511
0.3949932
0.3463883
0.2664415
0.2357542
0.226327
0.2637452
0.2140589
0.2515145
0.2837839
0.28367
0.2518698
0.2541145
0.26033
0.2491344
0.2878485
0.2910732
0.2624938
0.2287433
0.2418177
0.2817021
0.2659992
0.2573907
0.3088172
0.2640757
0.2490878
0.2681151
0.3324908
0.2747689
0.266164
0.2556689
0.2702695
0.2694428
0.2745746
0.2775209
0.297035
0.3187804
0.3440501
0.3068012
0.2266488
0.2980119
0.2755784
0.2521864
0.2485771
0.2117829
0.2232008
0.2077237
0.2081641
0.217921
0.2166017
0.2217008
0.2047185
0.1837458
0.2286715
0.2720268
0.2973805
0.2969242
0.3517043
0.3205827
0.3052568
0.3126849
0.2507346
0.2415131
0.2112078
0.2541062
0.2754822
0.2945048
0.2825699
0.2913405
0.2688466
0.2630939
0.261521
0.25441
0.2812574
0.2874624
0.2496253
0.3087963
0.3116769
0.3124136
0.3296991
0.2974298
0.3342778
0.2743517
0.2226854
0.2015381
0.2200193
0.2411585
0.2903943
0.3471117
0.3593181
0.3546438
0.375338
0.3873311
0.402449
0.4118042
0.3949018
0.3732238
0.3785716
0.3494551
0.3354776
0.3479787
0.3060433
0.3202102
0.3117633
0.3075384
0.2858095
0.2247078
0.2386047
0.2941633
0.3012833
0.253691
0.2755135
0.2357008
0.2552012
0.319567
0.3542696
0.3236278
0.307515
0.287821
0.2673865
0.2773353
0.3256705
0.3613967
0.3155717
0.3120604
0.3207108
0.2786275
0.3512678
0.370072
0.3984117
0.3697841
0.3869348
0.4437875
0.4496973
0.4547038
0.4015668
0.3136871
0.3132043
0.2948913
0.2503418
0.1996538
0.1798355
0.1702991
0.1900702
0.2132065
0.1838331
0.1613807
0.2543859
0.2370885
0.229259
0.2282611
0.2111057
0.1818054
0.1543547
0.1645556
0.2162985
0.1645261
0.1946519
0.188243
0.1914975
0.1700337
0.2211245
0.125413
0.1420441
0.08134423
0.1241635
0.1133477
0.1330902
0.1114182
0.1731792
0.1751981
0.1871912
0.1936016
0.2273938
0.2448694
0.281263
0.2806466
0.3072218
0.2637549
0.2321253
0.2591459
0.372199
0.3697014
0.3618063
0.3609007
0.331645
0.3622747
0.3136478
0.2645175
0.2989833
0.2263348
0.2048605
0.2391473
0.280603
0.2536948
0.261206
0.2361433
0.1672027
0.1749159
0.2259752
0.1933808
0.2098129
0.1905328
0.1780774
0.1910519
0.2460314
0.3308579
0.3395377
0.3358139
0.3241887
0.2878877
0.2743163
0.24276
0.2276806
0.2332422
0.1961041
0.2205542
0.2332033
0.2393153
0.2288862
0.2430791
0.2620776
0.3009099
0.2920682
0.3276464
0.3291476
0.2721577
0.2870302
0.2234383
0.235229
0.2518006
0.3140848
0.3160907
0.3341583
0.2952514
0.2769016
0.2770931
0.248833
0.1841517
0.239965
0.2548014
0.3272428
0.295439
0.2607402
0.3223115
0.2827785
0.251444
0.2734838
0.232048
0.2524857
0.2693768
0.2732498
0.346726
0.3060863
0.3186754
0.2888099
0.3018309
0.2553691
0.2490871
0.2523475
0.2462836
0.2304074
0.2069661
0.1734777
0.1843301
0.1778499
0.1983613
0.1891902
0.1942906
0.2022654
0.2211191
0.2328868
0.2378647
0.2076948
0.219247
0.1934462
0.208389
0.3004677
0.2868419
0.2690916
0.2156783
0.236944
0.1779991
0.1801009
0.1771485
0.2259251
0.2421645
0.2133622
0.2299419
0.1858656
0.2183382
0.2395592
0.1855218
0.2304774
0.288515
0.2783897
0.2624103
0.2890801
0.3106803
0.3323911
0.3638735
0.3452555
0.2783393
0.2817073
0.2982326
0.3167185
0.3452493
0.3285752
0.2872272
0.2612459
0.2365986
0.2523225
0.2857117
0.269304
0.209636
0.211771
0.2049809
0.2277175
0.2746417
0.2799011
0.2568902
0.2204959
0.2656613
0.2930816
0.3021982
0.2877956
0.2898124
0.2836067
0.2883626
0.2355903
0.1786293
0.1460262
0.1220175
0.1117919
0.1364731
0.1423124
0.1022284
0.1027505
0.1551273
0.1596704
0.1719518
0.1913951
0.2369306
0.2486305
0.2046469
0.2354868
0.2275027
0.216916
0.1991787
0.1781088
0.1814687
0.1819922
0.188213
0.1873924
0.212939
0.1981589
0.2221559
0.1811107
0.1545782
0.2088821
0.1874616
0.1718268
0.1604551
0.1585528
0.1212825
0.1249682
0.06722947
0.0708131
0.08194096
0.101411
0.1140277
0.1633145
0.1438018
0.1591702
0.1490954
0.1073554
0.1597563
0.2237077
0.2524781
0.2525422
0.2851783
0.3004643
0.3051716
0.3435084
0.4213792
0.4345406
0.4313061
0.4136046
0.3527401
0.3248873
0.3192439
0.3033203
0.3068143
0.2944066
0.341031
0.2831228
0.3178655
0.3440857
0.296115
0.278701
0.2872476
0.2857312
0.2972703
0.2818621
0.2863451
0.284967
0.2762536
0.2747176
0.3088415
0.3244492
0.3704776
0.3421866
0.3636615
0.3281785
0.2956222
0.2928839
0.2760135
0.2698373
0.274018
0.2619427
0.2536087
0.244314
0.2904474
0.2863825
0.2589309
0.2632398
0.2085325
0.1957464
0.1893463
0.2676726
0.2459088
0.248483
0.2492168
0.2346896
0.2638246
0.3016924
0.3139735
0.3025796
0.2801776
0.2717231
0.2381392
0.2263162
0.2406162
0.3145634
0.3342919
0.3020361
0.3049537
0.2884145
0.2723536
0.2952601
0.2962937
0.2998425
0.2734077
0.2777499
0.2555039
0.2908193
0.3015879
0.3005934
0.2891653
0.2873964
0.283342
0.2376945
0.2272823
0.250371
0.244384
0.2536211
0.2868277
0.2900435
0.2537162
0.2215106
0.1689858
0.211149
0.2133631
0.2292651
0.2101227
0.2049693
0.3086726
0.3675524
0.3622932
0.3312265
0.3116797
0.3557074
0.3234071
0.3091593
0.2446873
0.2197807
0.1959221
0.170174
0.1664428
0.1556574
0.1762667
0.1651065
0.1309032
0.1747809
0.2035885
0.2294906
0.2016206
0.2349505
0.2201917
0.2428482
0.2273323
0.262042
0.2202101
0.2158901
0.2040663
0.179446
0.2486637
0.2692446
0.2714875
0.3162189
0.3080013
0.3195815
0.3592757
0.3301298
0.352534
0.3388926
0.367069
0.3781652
0.4336712
0.4373856
0.4110028
0.4084628
0.3595556
0.3806017
0.3410757
0.2786405
0.2254019
0.2431946
0.2476765
0.2225622
0.223183
0.150963
0.1835306
0.1877263
0.1970324
0.2120685
0.2622223
0.3077573
0.2918205
0.289032
0.268428
0.2852638
0.2931529
0.2538833
0.2736611
0.2439559
0.2626549
0.2067937
0.2111134
0.2145266
0.1682585
0.1779716
0.1858365
0.2068559
0.2481943
0.3031152
0.3227093
0.3063438
0.2926841
0.32232
0.3050533
0.3090165
0.2357695
0.1635757
0.1346741
0.1822833
0.1901872
0.1986969
0.2328209
0.2334473
0.2096457
0.2279204
0.2545778
0.2354992
0.1989973
0.2542753
0.2659005
0.2745571
0.2910004
0.3367004
0.3107826
0.2938588
0.2717722
0.3000873
0.27221
0.2675915
0.2415957
0.2518989
0.2385321
0.2900886
0.2932155
0.2864756
0.2613596
0.2573169
0.2576681
0.2589362
0.2621468
0.2887399
0.3015149
0.3079227
0.3325163
0.3265459
0.355391
0.341884
0.3517691
0.3824826
0.3682841
0.369921
0.3477807
0.2647962
0.2641911
0.2174042
0.2568603
0.2733218
0.2819058
0.2951465
0.3305547
0.3685333
0.2925283
0.3067017
0.280749
0.2213388
0.2503407
0.2791282
0.3037181
0.3369514
0.3176809
0.3009388
0.2800792
0.3195209
0.304371
0.2825701
0.2540018
0.2902772
0.2534192
0.2778515
0.266102
0.2631695
0.2457748
0.2647154
0.2552227
0.26406
0.347903
0.3407813
0.3232186
0.28761
0.3099056
0.2829358
0.2830902
0.2809774
0.253321
0.2900997
0.2728761
0.2857351
0.2189538
0.2230686
0.3000024
0.3012224
0.2654271
0.213357
0.1375386
0.1285242
0.1400428
0.1817573
0.2160568
0.1162585
0.1970252
0.2436335
0.2969211
0.2660884
0.2837909
0.3344352
0.3465885
0.2746932
0.2590766
0.2686754
0.2641843
0.2072617
0.2075985
0.196745
0.1645627
0.1997741
0.2395661
0.2545819
0.2809509
0.3033897
0.3033344
0.2638209
0.2534923
0.2486417
0.1630711
0.1414168
0.1320345
0.1497383
0.162812
0.1556264
0.1483866
0.127585
0.1677335
0.1682531
0.2333478
0.2286373
0.2021191
0.2176466
0.2303486
0.2518489
0.2334146
0.1848993
0.2210709
0.1419277
0.1575565
0.1875058
0.1838931
0.1695116
0.203408
0.2351162
0.2417958
0.300429
0.2821732
0.3164303
0.3170696
0.2464566
0.2383422
0.2088322
0.2200858
0.2375767
0.2325214
0.1979843
0.1657672
0.2036103
0.2091673
0.1868674
0.2365306
0.2720224
0.3191331
0.3216125
0.274577
0.2996854
0.2973506
0.2697171
0.26412
0.256993
0.3005887
0.2577257
0.2680207
0.2398258
0.2982871
0.2827147
0.3130479
0.3174192
0.3055092
0.3235685
0.2999479
0.3045075
0.254746
0.2270038
0.2329857
0.2360059
0.224468
0.1234664
0.1501561
0.1854079
0.1523669
0.1436361
0.1558646
0.1962185
0.2082768
0.2073555
0.2175536
0.2134715
0.2503172
0.2572385
0.2509013
0.2379214
0.2712668
0.2868431
0.343336
0.3594532
0.3338889
0.3193772
0.299057
0.2737882
0.2460261
0.2401478
0.2878498
0.3424525
0.3790983
0.2994259
0.2915465
0.3314079
0.3478032
0.3466287
0.360151
0.3280826
0.3141679
0.2776178
0.2767908
0.2660957
0.2890028
0.2982426
0.2556798
0.1836173
0.2113336
0.1993797
0.1510885
0.1636873
0.2035711
0.1899697
0.2041047
0.161178
0.1158672
0.1889179
0.2857015
0.2089705
0.2158385
0.2531817
0.2359915
0.2401597
0.2581507
0.2815334
0.2846526
0.2697066
0.2811668
0.2656492
0.2706019
0.3048355
0.3309206
0.3710892
0.279017
0.2702592
0.2990863
0.2893542
0.3480533
0.3015831
0.2797345
0.2382433
0.2390854
0.2523161
0.2281384
0.2615201
0.2582557
0.2581593
0.258878
0.1961256
0.1822772
0.2035883
0.2312548
0.2173538
0.2303152
0.2655347
0.1547708
0.1471434
0.1703387
0.1650757
0.1477326
0.1896252
0.2075155
0.2155487
0.2232418
0.2726527
0.2818156
0.23749
0.2190043
0.2493588
0.2499121
0.2799785
0.2806818
0.2799617
0.2546418
0.2734429
0.2719927
0.255488
0.2605788
0.2314265
0.2330204
0.1616789
0.1327617
0.1553214
0.1567788
0.1389256
0.1846446
0.2016365
0.2281018
0.2253295
0.2750859
0.2713855
0.2742137
0.2850855
0.2747609
0.2574637
0.2350803
0.229589
0.2651108
0.2764059
0.2920373
0.328764
0.3220815
0.3135373
0.2950723
0.3229516
0.2732065
0.3111651
0.349371
0.3040456
0.3444976
0.3401148
0.3123225
0.3236651
0.3036511
0.312112
0.2807553
0.227925
0.2091756
0.1891286
0.1976999
0.1830824
0.2058427
0.1880425
0.1831312
0.1883055
0.1561905
0.241778
0.3018585
0.2289469
0.2877392
0.2762681
0.2359351
0.246786
0.3148178
0.3425699
0.3358674
0.3525859
0.338754
0.3435906
0.3776048
0.3621005
0.3217251
0.3002961
0.2503046
0.2875406
0.3107526
0.3233564
0.3378728
0.3270725
0.3490055
0.3519213
0.4082049
0.3959044
0.430557
0.411851
0.433699
0.4087889
0.3968839
0.325717
0.288269
0.3217464
0.3116481
0.3576112
0.393619
0.383496
0.3293993
0.3386947
0.3835144
0.3650208
0.3308756
0.2397362
0.2722763
0.283988
0.2859512
0.2837491
0.2845573
0.232007
0.293654
0.2949699
0.3467632
0.336709
0.3854841
0.4187305
0.3457613
0.3253678
0.3192041
0.3354094
0.3217786
0.333658
0.3219157
0.3652391
0.3733161
0.3746472
0.3845231
0.361413
0.3427235
0.3593151
0.3573655
0.3753381
0.3747094
0.3839734
0.3878847
0.3927884
0.3987653
0.3928877
0.3865229
0.3932793
0.3653448
0.3256533
0.3159598
0.2724096
0.2713026
0.2512785
0.2254778
0.243485
0.1947709
0.212531
0.2306259
0.23101
0.1934093
0.1978673
0.2229429
0.2263604
0.2623934
0.2405296
0.2957578
0.2935162
0.2835046
0.3022178
0.2903215
0.2645341
0.2922353
0.1859259
0.1975669
0.2630621
0.2778491
0.3109656
0.3025574
0.3339959
0.299895
0.2933982
0.2638447
0.2773541
0.3001098
0.305562
0.2785112
0.2542994
0.2205792
0.1859441
0.2335705
0.1983176
0.20815
0.2213882
0.2289862
0.213648
0.1879197
0.2522214
0.2614464
0.2266085
0.2100009
0.1749602
0.1792586
0.1601325
0.1837126
0.1740468
0.1585894
0.1470872
0.1451027
0.1260218
0.1638179
0.1765142
0.2439483
0.1996443
0.213866
0.2142048
0.1760552
0.1221036
0.1145182
0.05885428
0.09517268
0.06392908
0.1007577
0.1774799
0.1545677
0.1511603
0.2050773
0.2143728
0.2204385
0.2338976
0.1935885
0.1615203
0.2013283
0.1797727
0.1491776
0.1924075
0.1951743
0.2049523
0.1908828
0.2237954
0.2548391
0.2570638
0.3081478
0.3261709
0.3593715
0.3523182
0.3561767
0.3690631
0.3648174
0.3223887
0.309143
0.2683334
0.2589739
0.2397423
0.2363709
0.1862125
0.2040873
0.2653911
0.2457475
0.3286506
0.2667891
0.3089006
0.3017225
0.2737849
0.2685997
0.2981328
0.2491951
0.2373176
0.2792838
0.2256096
0.2241999
0.2843622
0.2769213
0.2908056
0.3302876
0.3651214
0.3806443
0.3396095
0.3226938
0.3264769
0.3407702
0.3813048
0.3381462
0.2679524
0.3111001
0.2970373
0.3171686
0.3277069
0.3071238
0.2810077
0.2878615
0.309214
0.2821731
0.2764181
0.3007644
0.328949
0.33777
0.3446242
0.3020885
0.2774217
0.2322322
0.2601218
0.232816
0.2657756
0.2422105
0.2904505
0.2803847
0.2868876
0.3172147
0.3802699
0.3646939
0.39594
0.3412579
0.255736
0.2534749
0.2454155
0.2907518
0.3454402
0.2966408
0.2704927
0.2298386
0.2543064
0.21591
0.1456089
0.1790229
0.2141877
0.1848636
0.1962027
0.2188903
0.216549
0.1916536
0.1811545
0.213246
0.2257466
0.21416
0.1712666
0.1705291
0.2160986
0.1842721
0.1721814
0.197939
0.218141
0.2222938
0.1885388
0.2081394
0.2787176
0.2750524
0.2653641
0.2192188
0.1954564
0.3074211
0.2900017
0.295871
0.3061352
0.3233537
0.281712
0.2596468
0.2389489
0.2689225
0.301032
0.284663
0.2669743
0.2353899
0.204187
0.2682409
0.3269595
0.3506
0.3392789
0.3431962
0.2828843
0.259945
0.2954577
0.2068345
0.146804
0.2402287
0.2880751
0.3237691
0.3287788
0.2973902
0.2648529
0.278772
0.256055
0.255305
0.2466794
0.2703236
0.2819965
0.2740665
0.3646422
0.3766311
0.3775745
0.3775275
0.3656031
0.3102286
0.3672942
0.3348247
0.3104489
0.3741304
0.3381384
0.3042026
0.292675
0.3579472
0.3088309
0.2979182
0.2934877
0.2600746
0.2304278
0.2358077
0.2589149
0.3366213
0.3503131
0.3930414
0.3697261
0.3535473
0.3598775
0.3437194
0.3036036
0.2593327
0.2781983
0.242024
0.2251854
0.2307559
0.2204569
0.2788421
0.2748485
0.2744104
0.2694726
0.2888055
0.288836
0.3672391
0.3804054
0.3491994
0.3528751
0.3152548
0.3338171
0.347839
0.297012
0.3149941
0.3061536
0.273066
0.2253636
0.2264916
0.2062519
0.1499515
0.1392134
0.1762244
0.2152251
0.2276303
0.1872976
0.1464647
0.1209348
0.136221
0.08289556
0.04727758
0.05730023
0.03530867
0.02930823
0.06237927
0.05351354
0.1289277
0.1441859
0.1247003
0.1341985
0.1484892
0.1734215
0.1958487
0.2526412
0.2525463
0.2487593
0.2564831
0.2783466
0.32648
0.3264299
0.297955
0.3173299
0.3021527
0.2887604
0.2721194
0.2644108
0.2745497
0.2363948
0.2308976
0.2602123
0.2814319
0.2702833
0.2899814
0.2389493
0.2560281
0.2770932
0.2662664
0.3094544
0.3007269
0.304701
0.321843
0.344468
0.3465337
0.3102449
0.3189168
0.3280321
0.329864
0.3547792
0.3525972
0.3403698
0.3139053
0.3434901
0.3834062
0.3516307
0.3051189
0.3180442
0.2531256
0.2463965
0.2567072
0.2847945
0.315698
0.3111196
0.345835
0.3571935
0.3378228
0.3448922
0.3463825
0.338781
0.2978344
0.2632622
0.2476722
0.2577902
0.299915
0.3298114
0.363083
0.3264285
0.2914903
0.2850659
0.2977286
0.2905043
0.2753983
0.2327771
0.3041224
0.3009051
0.3513252
0.3457935
0.3030953
0.28839
0.2902735
0.2214262
0.2033049
0.2027684
0.2345372
0.189823
0.1665041
0.1870922
0.2450255
0.2966803
0.3125129
0.3120664
0.28924
0.2604928
0.2934653
0.2747409
0.2676044
0.2860503
0.2675287
0.249006
0.2183393
0.2638608
0.2535997
0.2805143
0.2850473
0.2952215
0.2949823
0.2381778
0.2188862
0.1984146
0.2479505
0.2581898
0.1920623
0.1867396
0.17258
0.1558931
0.1660784
0.1195219
0.1373282
0.1536843
0.1541551
0.2212599
0.2188369
0.2326309
0.20251
0.1798607
0.2054373
0.2070408
0.2629989
0.2808155
0.2890823
0.2750588
0.3076901
0.3054414
0.3431001
0.3487724
0.3618083
0.3670773
0.4283294
0.4727665
0.434942
0.4069857
0.3456691
0.3446584
0.3168071
0.3356817
0.3269379
0.3107939
0.3048821
0.2313987
0.2190849
0.1983014
0.225162
0.249541
0.2245612
0.2462171
0.2219602
0.2175874
0.2055438
0.1661581
0.199145
0.2038136
0.1840363
0.2387463
0.3285493
0.3333556
0.3373313
0.3422832
0.3255071
0.3361094
0.3597372
0.3529027
0.3408023
0.3402297
0.2953588
0.2918049
0.2379816
0.2838305
0.1997551
0.2422146
0.257505
0.2572838
0.2456599
0.2137636
0.216707
0.2497058
0.2817018
0.2570646
0.2644824
0.2946316
0.2618222
0.2821712
0.2691711
0.2801044
0.2689106
0.2582722
0.2920235
0.3094507
0.3739091
0.3809897
0.3902219
0.3345007
0.3136118
0.3226712
0.3966847
0.3937648
0.451866
0.5043141
0.496264
0.5343952
0.4774972
0.433512
0.4252881
0.403667
0.3843059
0.3439202
0.3224878
0.3300766
0.2898094
0.2854174
0.2772974
0.2918907
0.2858788
0.2828897
0.263683
0.2454216
0.2710796
0.2469455
0.210598
0.2500904
0.3066677
0.3372826
0.3470755
0.3604114
0.3764808
0.3380511
0.293893
0.2484163
0.2693729
0.2732733
0.2513811
0.1706197
0.1359376
0.1332347
0.1307923
0.1545502
0.1678557
0.2178223
0.1732088
0.1506334
0.1717682
0.1932217
0.1866711
0.2358348
0.2387457
0.2794837
0.3092096
0.3269391
0.3271665
0.2899316
0.2841356
0.2747959
0.2549676
0.2489282
0.2239213
0.2356774
0.2090124
0.2565388
0.2604684
0.2890225
0.3252654
0.2764323
0.2816092
0.2825217
0.3262624
0.2769631
0.2562572
0.2548273
0.2614498
0.2514948
0.2555652
0.27081
0.3189308
0.3837209
0.3457663
0.3196277
0.3382268
0.3496106
0.3514013
0.3563987
0.3675969
0.36106
0.3670933
0.3497721
0.3459967
0.308675
0.3025526
0.3018002
0.3129019
0.3044423
0.3060905
0.3021728
0.281089
0.302404
0.3307725
0.31096
0.2918701
0.2438352
0.259486
0.2721775
0.3025445
0.2501043
0.2476754
0.2737623
0.2450691
0.2748019
0.303327
0.3290754
0.3524205
0.3428299
0.340762
0.3455884
0.3100109
0.325994
0.3457097
0.3402815
0.342537
0.3673182
0.3489309
0.3665794
0.3351108
0.3696708
0.366318
0.2805608
0.2558364
0.2681121
0.2564669
0.3290055
0.2885026
0.2631073
0.2389605
0.3050064
0.3057139
0.3194269
0.3275215
0.2967199
0.2918979
0.2547934
0.2795581
0.2508317
0.185431
0.2103719
0.1615985
0.1638163
0.1819304
0.2046243
0.2778584
0.288258
0.3193699
0.3139554
0.3294969
0.3047577
0.2838234
0.2299295
0.2134068
0.2359043
0.2675325
0.2384283
0.2135951
0.2422719
0.2403427
0.2664693
0.2913661
0.2571996
0.2856632
0.3140914
0.2831675
0.2778742
0.24336
0.2148841
0.2503181
0.2770958
0.2526453
0.2433175
0.2844989
0.2463415
0.2661843
0.2832476
0.3176308
0.2905794
0.2569532
0.2678055
0.305995
0.2961745
0.2839888
0.2748772
0.2776345
0.2961976
0.2847817
0.2880408
0.3062693
0.3535415
0.3110147
0.2897243
0.2916759
0.2652034
0.2382288
0.3278629
0.2958482
0.264329
0.3127202
0.2842931
0.2613799
0.2346209
0.2429274
0.2413925
0.2273608
0.2556299
0.2317798
0.3097761
0.3235171
0.3374111
0.3447424
0.3256477
0.3148256
0.3228475
0.3388799
0.371115
0.3604174
0.3277325
0.3054909
0.3045122
0.2235774
0.2001237
0.2109333
0.2554887
0.2532287
0.2408624
0.2060053
0.2409552
0.2481777
0.2219178
0.1605044
0.1850699
0.2180657
0.2352711
0.238565
0.2544347
0.2434465
0.2335623
0.252749
0.2707667
0.2642492
0.2632433
0.2266369
0.2389096
0.2448586
0.2339553
0.2254762
0.2154709
0.2515115
0.214226
0.2251094
0.2632893
0.2977527
0.2984004
0.2356544
0.2304467
0.2177726
0.1893002
0.2263818
0.1993447
0.2122417
0.2104174
0.2215067
0.1850558
0.1783682
0.2207313
0.2551765
0.2303246
0.2707149
0.2847708
0.261125
0.227795
0.2988347
0.2941734
0.2797545
0.3320061
0.2933165
0.3763074
0.3860646
0.3614103
0.3114355
0.3212962
0.2779949
0.2669467
0.2149221
0.2822202
0.3326253
0.3325841
0.3466063
0.3463939
0.2892407
0.2903575
0.2716968
0.2305135
0.2459416
0.2605754
0.187042
0.1498112
0.1458767
0.2131279
0.2523742
0.1838261
0.1901449
0.2576213
0.2115962
0.2309136
0.2141316
0.2212919
0.2208025
0.2421925
0.2426735
0.255215
0.2584218
0.2671438
0.3240343
0.3644698
0.3260647
0.2760181
0.2172447
0.1860426
0.1069989
0.07300845
0.1926744
0.2254275
0.1651148
0.2292823
0.2739562
0.2928965
0.2794239
0.275424
0.2679244
0.2849653
0.3018493
0.2862914
0.2715694
0.2468887
0.2814758
0.2578884
0.3099759
0.3195491
0.2606099
0.2573886
0.2541504
0.2510379
0.2448542
0.18834
0.2520964
0.236577
0.2449719
0.2648221
0.2969013
0.3244506
0.3154965
0.2675392
0.2959341
0.2354936
0.3108893
0.2930036
0.293541
0.2970374
0.3064336
0.31467
0.3408941
0.3583571
0.3348007
0.3120943
0.3365092
0.3527385
0.2612094
0.2933461
0.2647416
0.2495021
0.224567
0.298161
0.2944152
0.2097968
0.2535968
0.206072
0.1540759
0.1587724
0.2213756
0.2110447
0.2270808
0.2270254
0.3108316
0.2713169
0.2921261
0.3587109
0.3268409
0.3126055
0.2471204
0.204412
0.2053189
0.1911084
0.2066608
0.1989093
0.1872566
0.2185689
0.2322831
0.2301448
0.2409941
0.2423917
0.2552726
0.2922874
0.2890327
0.3302321
0.2987832
0.3043473
0.272226
0.2740244
0.2841014
0.2785557
0.2259397
0.2494472
0.242692
0.2684744
0.3048856
0.2781571
0.2108341
0.2001611
0.2110523
0.2425537
0.2572904
0.3225841
0.2787094
0.3068515
0.3034336
0.3044173
0.2837831
0.2602293
0.261928
0.2678878
0.2663289
0.2790465
0.2255401
0.2448063
0.3131318
0.2932785
0.3147166
0.2622542
0.254026
0.2452921
0.2467108
0.2338881
0.2602109
0.2565222
0.2907997
0.314159
0.2970105
0.3105131
0.3322933
0.3034571
0.3374764
0.3592881
0.3117665
0.2128656
0.1677533
0.1118704
0.1260023
0.1472022
0.149792
0.1758408
0.1712987
0.2011225
0.1601968
0.149774
0.1610207
0.1634864
0.1854262
0.1934426
0.1827931
0.1678421
0.198211
0.2190321
0.2280385
0.2313517
0.2222519
0.2635959
0.2930857
0.2836485
0.2445239
0.2446811
0.2310406
0.2288919
0.2070167
0.2201725
0.2353005
0.218879
0.2279287
0.2619208
0.2273352
0.2299859
0.2191735
0.2820459
0.2461186
0.2395602
0.2424955
0.2201499
0.2334619
0.2504461
0.2626712
0.3039106
0.3323747
0.3953363
0.4089457
0.4413031
0.4516779
0.4169053
0.3857006
0.3555134
0.3233059
0.2988336
0.3240137
0.3162707
0.2918014
0.3215928
0.3623126
0.3807712
0.3960318
0.3557217
0.3741093
0.37518
0.396396
0.3781633
0.3769623
0.3505869
0.36476
0.3410936
0.3824366
0.3434835
0.3247055
0.2928884
0.2958302
0.288626
0.3136742
0.3001583
0.2937577
0.3133678
0.294796
0.2874172
0.2625612
0.2518639
0.2409005
0.2250163
0.2434107
0.2077699
0.215683
0.2426738
0.2211885
0.2720141
0.2512856
0.2645719
0.2259168
0.2429058
0.2214118
0.1950394
0.175206
0.1562804
0.1729589
0.1831588
0.2429762
0.2621632
0.2577239
0.2463191
0.2680387
0.2744573
0.256668
0.2670928
0.2642599
0.2632684
0.2691486
0.2205029
0.280551
0.2940389
0.197358
0.2186459
0.2163888
0.2060852
0.201331
0.1712858
0.1617442
0.1731063
0.2006701
0.2749003
0.2764583
0.2727221
0.2425627
0.2289331
0.2224177
0.303944
0.3062242
0.2922045
0.3160626
0.3314071
0.2870625
0.283646
0.3664337
0.3891887
0.3157454
0.2668572
0.2846809
0.3333523
0.2476709
0.2330246
0.2634416
0.2642122
0.2729889
0.2273875
0.2070589
0.1910766
0.182155
0.1695928
0.2365501
0.1554994
0.1986439
0.2434235
0.2364758
0.23425
0.2416836
0.2327833
0.2527004
0.2801991
0.2936838
0.3416709
0.3944894
0.3972887
0.3300283
0.3365226
0.3221231
0.3612132
0.3650231
0.3008935
0.3481173
0.3167582
0.3724564
0.3247624
0.3148052
0.3146453
0.2916203
0.2750814
0.3191549
0.2821696
0.3137994
0.2541444
0.2791276
0.2878057
0.2727809
0.2481109
0.1806102
0.1935822
0.2039353
0.2385369
0.2254629
0.2085349
0.2107954
0.1883834
0.1351783
0.1277377
0.1448584
0.1695152
0.1946591
0.1838351
0.2366486
0.2621701
0.292184
0.2930629
0.3133438
0.2841308
0.2537099
0.2828821
0.3114629
0.2958958
0.2665706
0.2675391
0.2435114
0.2582332
0.3116356
0.3225033
0.2978947
0.2082201
0.1944782
0.242997
0.1841425
0.174676
0.1759859
0.1979473
0.2313259
0.2413356
0.2529295
0.2731989
0.2392259
0.261046
0.2299125
0.2677962
0.2449126
0.2425531
0.2667497
0.2930473
0.3138348
0.2918593
0.3015372
0.2871099
0.3242972
0.3577949
0.3489535
0.3207206
0.2781944
0.268547
0.2777638
0.2716227
0.3030475
0.3101457
0.325849
0.3622739
0.377706
0.3678224
0.3331225
0.304421
0.264417
0.2239398
0.2231962
0.2403695
0.1992312
0.2457192
0.2771496
0.2561044
0.245662
0.254423
0.2076024
0.1933881
0.2066344
0.1808486
0.1938183
0.1766347
0.2185959
0.2583115
0.251674
0.1977317
0.2432157
0.2139597
0.1848994
0.1826307
0.1692153
0.1566928
0.1710194
0.2576722
0.2203713
0.2610567
0.2267069
0.2709926
0.2840248
0.3438122
0.3389541
0.3492993
0.315174
0.3285433
0.3270912
0.3503455
0.3716728
0.3807609
0.3756219
0.3177169
0.3531153
0.2877209
0.2118486
0.2221789
0.2159321
0.239248
0.2245734
0.2251409
0.1984166
0.2253775
0.2297583
0.2541365
0.2798109
0.2952277
0.2340342
0.2084146
0.2295378
0.1947855
0.2515683
0.2773392
0.2549946
0.2634825
0.2633522
0.1917442
0.1411258
0.196763
0.2204553
0.2565943
0.2439695
0.3281152
0.3454399
0.3718043
0.3794521
0.3638587
0.3119408
0.3005678
0.3068648
0.362856
0.3602567
0.291747
0.321639
0.3463828
0.3413377
0.3601746
0.2942518
0.2626989
0.318483
0.3098157
0.2879328
0.2758186
0.2738842
0.2734638
0.2868066
0.2139814
0.2137124
0.2416854
0.1714454
0.1669692
0.1934284
0.2807977
0.2473933
0.2534018
0.2612713
0.1907899
0.2481573
0.2388266
0.227509
0.2297308
0.2250984
0.2319507
0.2941128
0.4042819
0.4213966
0.4368244
0.4111361
0.4486344
0.4375326
0.4269464
0.3890611
0.3959944
0.4569109
0.3972591
0.3907295
0.3383716
0.311964
0.3291152
0.2498382
0.24902
0.2666615
0.2438998
0.2498139
0.2545229
0.2345815
0.2130826
0.1901868
0.1748975
0.1440058
0.175697
0.1483582
0.1808752
0.162978
0.1659259
0.1549683
0.1564952
0.174546
0.1559997
0.185115
0.2022047
0.1936398
0.2193531
0.1853264
0.1777665
0.201576
0.2289604
0.1999673
0.2189513
0.219011
0.2490457
0.2380501
0.2489408
0.2398472
0.2323975
0.1839822
0.1880886
0.2179087
0.1863753
0.09409613
0.09947351
0.1536088
0.1923362
0.1822368
0.2766242
0.2556624
0.2692903
0.2401905
0.3131176
0.3696565
0.3927688
0.3800906
0.4072906
0.3724184
0.35325
0.3764675
0.3400076
0.3091425
0.2757754
0.2604928
0.2923657
0.2504184
0.2569079
0.2443433
0.2606402
0.2563548
0.3478619
0.332525
0.3676051
0.3425489
0.3495674
0.3559192
0.3516585
0.3042957
0.3077686
0.3028498
0.2634928
0.2413156
0.2811199
0.2312208
0.2033326
0.2126806
0.2085035
0.2335336
0.2412693
0.2602809
0.3112332
0.3233091
0.3200744
0.273094
0.2342556
0.2247585
0.2159557
0.1911173
0.1854425
0.1785016
0.1896732
0.1592317
0.1208941
0.21617
0.1874025
0.1593758
0.2080228
0.2278887
0.247586
0.2430241
0.2077274
0.1986977
0.1954025
0.2320357
0.2893668
0.2827816
0.2208683
0.2334853
0.2263866
0.2448011
0.2612826
0.2898351
0.3268341
0.3639426
0.4063809
0.3629149
0.3166803
0.2699445
0.3143308
0.3122612
0.2477753
0.2198964
0.2588107
0.2230097
0.246041
0.227379
0.2609748
0.2340771
0.2131114
0.2434335
0.243982
0.2633079
0.2676504
0.2680575
0.2656498
0.3168072
0.3163521
0.3246486
0.2928645
0.2978637
0.341269
0.3080788
0.3008324
0.2661714
0.2765511
0.2934903
0.3323414
0.3678374
0.4000562
0.3746898
0.3352844
0.2796624
0.2940316
0.3064566
0.2368035
0.2287369
0.2527296
0.1792445
0.179248
0.180498
0.1853354
0.1510016
0.1743449
0.2288322
0.170302
0.1730278
0.2390969
0.2755998
0.2712578
0.2587159
0.2870905
0.2489246
0.2402383
0.2130934
0.241177
0.2148127
0.2037101
0.2169682
0.2164003
0.210531
0.2178188
0.2273546
0.2597365
0.2592145
0.2710803
0.2872593
0.3000306
0.280773
0.2503735
0.2504732
0.2499444
0.2876902
0.2301133
0.2659929
0.2865449
0.2744492
0.2999516
0.2861448
0.3214521
0.3527681
0.3784287
0.3472149
0.2787701
0.2844943
0.3377597
0.3208931
0.3316711
0.3025843
0.2640863
0.2572184
0.2209803
0.1955325
0.2083765
0.2131841
0.2455557
0.2169899
0.2365804
0.2125898
0.2634515
0.2735839
0.279357
0.3194819
0.2629465
0.2739897
0.386511
0.3608947
0.3310163
0.3817017
0.3222575
0.2771149
0.325927
0.3403935
0.3406475
0.313671
0.312809
0.2354098
0.2814863
0.2875652
0.2746068
0.2191769
0.209089
0.1850998
0.1547207
0.1377634
0.1450888
0.2165642
0.2064275
0.2325649
0.2310086
0.2642905
0.3014319
0.273429
0.2651524
0.2986556
0.2934605
0.3351112
0.3416509
0.2433614
0.1809933
0.2097125
0.1428308
0.1993379
0.2608597
0.2926371
0.2613686
0.2893919
0.3178866
0.3033953
0.3643823
0.3516573
0.3442865
0.3774781
0.3841113
0.4346255
0.4019117
0.3671388
0.313391
0.2619498
0.3010865
0.2885787
0.2924047
0.3025734
0.3297718
0.2835206
0.3238185
0.3312346
0.3652204
0.3477634
0.397056
0.393869
0.4208224
0.4048097
0.4005123
0.3783676
0.3717808
0.3619887
0.3536055
0.3449295
0.337404
0.3534031
0.3699978
0.3429394
0.3070761
0.2895622
0.2820636
0.302506
0.236838
0.2349205
0.2636804
0.2852311
0.3261577
0.272795
0.2403667
0.2391982
0.2361354
0.2207876
0.2022308
0.2471162
0.2396009
0.2515993
0.2793578
0.2471423
0.2986487
0.2850462
0.2011038
0.1283734
0.1000229
0.1621126
0.2099737
0.1982641
0.2160759
0.2098297
0.2470396
0.1847444
0.1367883
0.1911152
0.2108289
0.2155968
0.2154696
0.2815615
0.2135757
0.2533136
0.3141141
0.3360367
0.341299
0.3711432
0.3222431
0.295905
0.3101476
0.2488351
0.2467401
0.2498895
0.2358221
0.1886301
0.210408
0.216192
0.2142447
0.2167423
0.1997459
0.1807034
0.1868435
0.1724468
0.2269657
0.1983107
0.1456846
0.132295
0.1815201
0.1989241
0.2147489
0.1197623
0.1129457
0.1098936
0.107827
0.1309239
0.1864913
0.1632101
0.2205691
0.263361
0.2599218
0.2636083
0.19825
0.1489417
0.1593882
0.1879275
0.1861335
0.2053446
0.2381108
0.3698631
0.321942
0.3817468
0.3990987
0.4026781
0.3634645
0.3742038
0.3436455
0.3457826
0.3117362
0.2989797
0.2513846
0.2501305
0.2712409
0.2477877
0.1943774
0.1700412
0.1513505
0.1448283
0.1625741
0.1778752
0.1593935
0.2489945
0.2870115
0.2459306
0.238118
0.2159309
0.2037854
0.1929196
0.23453
0.2766475
0.2780509
0.263493
0.2425934
0.2054263
0.2187263
0.1885085
0.2548623
0.2341034
0.2814963
0.2917166
0.2665901
0.2389261
0.2723975
0.2945415
0.3020025
0.3073646
0.3413523
0.4120436
0.4283306
0.4239089
0.4345108
0.4025829
0.3829229
0.3661889
0.3510286
0.3617759
0.3446241
0.2925999
0.2751923
0.2521019
0.234836
0.2158555
0.2462238
0.2019527
0.1959954
0.1890351
0.2380999
0.2959714
0.2963827
0.297218
0.2823016
0.2559206
0.1856351
0.1604271
0.1377404
0.1092682
0.1075318
0.09809942
0.07987857
0.1096424
0.1328309
0.1629238
0.1542637
0.2619485
0.2110076
0.2297111
0.203936
0.2105194
0.2196337
0.1890244
0.2097154
0.2540013
0.3423107
0.293062
0.3008033
0.3400545
0.3420822
0.3385639
0.2683884
0.2917019
0.3087693
0.2996412
0.3181328
0.2600673
0.3468273
0.3430807
0.3743287
0.3868376
0.3491687
0.3353933
0.3225414
0.3484767
0.3197718
0.3019336
0.2585992
0.2692306
0.2036315
0.2057425
0.2117862
0.2094292
0.2391308
0.2602649
0.2717637
0.3198626
0.2631551
0.2805044
0.309716
0.2451769
0.2834741
0.3223837
0.31538
0.2583125
0.2633193
0.1989493
0.1971753
0.2712036
0.2914642
0.2807955
0.3010631
0.3052363
0.311889
0.3022377
0.2714276
0.2975945
0.2524359
0.2819912
0.3018822
0.2909029
0.3232303
0.2560182
0.2949095
0.3373697
0.3188042
0.3255975
0.3294527
0.3056156
0.3201075
0.2730436
0.3088593
0.3286017
0.3269498
0.3092778
0.3554828
0.3941792
0.4185838
0.4757816
0.5059005
0.4838866
0.4369452
0.421708
0.4150932
0.389037
0.4041316
0.3884002
0.3428477
0.3189517
0.1942469
0.263836
0.326875
0.2901954
0.2937477
0.2080331
0.211515
0.2931833
0.2823613
0.2440363
0.2449893
0.1819745
0.2262454
0.2037054
0.1867345
0.1958879
0.212815
0.172467
0.1561133
0.1545863
0.1722287
0.1913949
0.1545969
0.1730404
0.1736602
0.1292726
0.1991837
0.1906504
0.2484768
0.2330377
0.2513105
0.2863058
0.2545789
0.2707886
0.3066529
0.312122
0.3030125
0.2852708
0.3000134
0.3354594
0.3548241
0.3211772
0.314299
0.3361323
0.3120404
0.2649565
0.2141544
0.1410297
0.1206883
0.1239621
0.1192517
0.09625498
0.1362412
0.1103257
0.1656867
0.2017508
0.2120625
0.2131386
0.2794226
0.3334404
0.3586421
0.3507019
0.3635757
0.3325674
0.3003607
0.2632588
0.269576
0.3658825
0.3039319
0.3072815
0.2884974
0.29989
0.2772737
0.2308964
0.2800135
0.2504357
0.2286466
0.2105501
0.1861516
0.2231156
0.21821
0.1847928
0.2047183
0.2245921
0.1994998
0.1767884
0.238017
0.2259308
0.1999475
0.2414861
0.2780514
0.3232437
0.3036457
0.3379671
0.336941
0.2899068
0.2810665
0.3009619
0.3649098
0.3786185
0.3880802
0.3575744
0.3457872
0.3140445
0.3225895
0.3080469
0.2669077
0.2558234
0.206844
0.2012817
0.1925776
0.224746
0.1916925
0.1870406
0.1889015
0.207374
0.2252836
0.210227
0.1875672
0.1792738
0.1732602
0.1769098
0.2257405
0.2268822
0.2629632
0.2386127
0.2215771
0.2416985
0.2332139
0.2221986
0.190788
0.2540589
0.2774815
0.3443226
0.3234171
0.3354047
0.3233908
0.3241074
0.2919821
0.3068374
0.3128525
0.3079268
0.2622285
0.2499212
0.2279154
0.1929185
0.2010181
0.2594226
0.2678195
0.3071887
0.2625651
0.2209043
0.2850187
0.310563
0.2617458
0.2618089
0.2755014
0.2553305
0.2619046
0.2864309
0.3151442
0.3092931
0.2565931
0.2213924
0.2038862
0.2157478
0.2716379
0.2803027
0.2626025
0.2398289
0.2694102
0.2934754
0.3035751
0.2883201
0.3116463
0.3191852
0.330413
0.3684406
0.3275088
0.3185488
0.3104459
0.2939798
0.2584597
0.3070851
0.2972035
0.2622832
0.234787
0.2386905
0.2322929
0.193618
0.2079702
0.2116695
0.2409146
0.2304537
0.2050494
0.2584045
0.2742847
0.3346469
0.2826982
0.2811858
0.3259826
0.3550659
0.2887384
0.2424514
0.244416
0.2278454
0.2691591
0.2109022
0.2223446
0.252248
0.2317601
0.2483927
0.1942746
0.2094311
0.1476814
0.1303727
0.1113767
0.141958
0.1599067
0.1025217
0.1313026
0.1777076
