0.005523056
0.003890586
0.004849506
0.003342841
0.008212136
0.004105845
0.01008933
0.01336679
0.01347886
0.009905349
0.008623695
0.009452604
0.01247939
0.009453152
0.01158362
0.01138519
0.005725984
0.004786909
0.005614036
0.01332521
0.004790412
0.009430569
0.01665508
0.008200204
0.00700723
0.009325499
0.006091841
0.005244274
0.003125313
0.001794728
0.004820637
0.006311152
0.01038617
0.01062235
0.00805605
0.006205338
0.002678429
0.002333434
0.00488891
0.004261639
0.004537333
0.005040563
0.008264111
0.00844263
0.007973254
0.00819548
0.005566295
0.005799612
0.009243298
0.007763151
0.006776692
0.006404228
0.011575
0.01211505
0.006750795
0.003529285
0.006084241
0.02945719
0.005094549
0.012021
0.004221919
0.00896759
0.01154765
0.009306721
0.005870711
0.005469341
0.008355113
0.01172179
0.0133648
0.01102995
0.01174671
0.006652089
0.01301729
0.01406202
0.005381164
0.009494444
0.01388036
0.02468786
0.01626257
0.007629125
0.01050025
0.02095656
0.009399249
0.01585737
0.006554978
0.003133529
0.004246693
0.006413492
0.00742224
0.003462835
0.002883018
0.006089446
0.007060512
0.01114554
0.00863459
0.007821272
0.01009342
0.00933293
0.02469201
0.01636058
