0.001289654
0.00310249
0.003932834
0.001480451
0.0009520473
0.001459372
0.0008766742
0.0006364936
0.0005549753
0.0009388007
0.000391952
0.000475041
0.0005279935
0.0005956399
0.0008460255
0.0007885264
0.0009622214
0.0004825846
0.0004735766
0.0003929441
0.0006075639
0.0005833882
0.0009093987
0.0007599519
0.0008702538
0.001162624
0.0009958151
0.001344436
0.003352303
0.003888701
0.002413228
0.002909074
0.002342507
0.002029056
0.001861192
0.001086809
0.0008881268
0.001442347
0.00114528
0.0009408573
0.001124557
0.0007977461
0.0008317523
0.001158271
0.001568003
0.002726094
0.002896024
0.003894431
0.00386157
0.004853217
0.003400023
0.00311165
0.001475517
0.001068015
0.001733842
0.001798798
0.0007980894
0.001307248
0.0009768576
0.001767853
0.001230779
0.001125524
0.0008567804
0.001200371
0.001103403
0.0009239571
0.001043536
0.0007937681
0.001019769
0.0008871343
0.0005960972
0.0009121385
0.0006755568
0.001214907
0.0007542179
0.0008256566
0.001153246
0.001002979
0.001688626
0.001495564
0.001473883
0.001530075
0.0007592918
0.000795992
0.0007631783
0.001303153
0.001896024
0.002185115
0.001803271
0.002036084
0.001346125
0.0007550178
0.0008041858
0.0007389499
0.0007163034
0.000690821
0.001196492
0.001727868
0.001088004
0.0007865287
