0.2974039
0.2686508
0.2758656
0.2740795
0.2868362
0.2821613
0.2719195
0.2624876
0.331306
0.2743716
0.2736928
0.279911
0.2802655
0.2757117
0.2521896
0.2978456
0.2650638
0.2595115
0.2152497
0.2320043
0.2028466
0.2314674
0.1937339
0.243859
0.2420772
0.2334847
0.2475769
0.2579095
0.2825814
0.3146877
0.3083289
0.3035555
0.2535016
0.2726754
0.2601946
0.2760894
0.2933802
0.2553771
0.2698355
0.3140523
0.4026981
0.4227538
0.4054793
0.4022157
0.372711
0.3733299
0.3606857
0.3691862
0.3638322
0.3022859
0.3086845
0.2615574
0.2156563
0.2426685
0.2468048
0.2500074
0.2408454
0.2453329
0.2479057
0.2387044
0.1927918
0.2013169
0.2219053
0.2371697
0.2524402
0.2997328
0.3090672
0.2892277
0.2543452
0.2461869
0.2341921
0.1765446
0.1145471
0.1236657
0.07880148
0.09176394
0.05862845
0.1172856
0.1387651
0.1421341
0.1186358
0.1672899
0.2023969
0.2271706
0.2361336
0.2589027
0.3143634
0.3476654
0.3803975
0.3111448
0.3501056
0.3194799
0.3844207
0.3913811
0.3618033
0.3969694
0.4197273
0.4444065
0.4427
0.4285041
