0.000501783
0.0004267736
0.0003599038
0.0004657976
0.0003064279
0.0002952023
0.0003152229
0.0002898613
0.0002705297
0.0002501468
0.0002128599
0.0003094967
0.0003041943
0.0002584334
0.0002804512
0.0002880901
0.0004307305
0.0004277913
0.0003466403
0.0003918452
0.0003274306
0.0003883212
0.0005523232
0.0006265252
0.000480598
0.0006283856
0.0004352912
0.000451133
0.0005316582
0.0004172502
0.000572525
0.0004661884
0.0004443618
0.0003477855
0.0004454798
0.000508885
0.0008917178
0.001165323
0.001606259
0.002031708
0.001623296
0.001971034
0.001530059
0.001302304
0.001392509
0.001507178
0.002227267
0.001503555
0.0007153813
0.0008603409
0.0008695409
0.0009042058
0.0009106476
0.001272905
0.0008097183
0.0007753881
0.001402393
0.001117656
0.001109556
0.001025768
0.0008368533
0.0005736541
0.0004288058
0.0003819193
0.0004131951
0.0004445245
0.0004349698
0.0003777459
0.0003835614
0.0003680328
0.0005584509
0.0005401655
0.000325556
0.0003275643
0.0002695157
0.0002387752
0.0004962221
0.0005779352
0.0003872334
0.0002707067
0.0002275116
0.0003185679
0.0003901365
0.000570367
0.0008373407
0.000872982
0.0009183517
0.001432616
0.001389301
0.0009382045
0.0009780589
0.00159613
0.001837431
0.001728001
0.001514582
0.001427074
0.001378308
0.001629957
0.001377605
0.001722808
