0.005456316
0.002733904
0.003641773
0.00462537
0.004561133
0.004833317
0.006618403
0.004823035
0.008882695
0.00622537
0.01834115
0.002986657
0.006652113
0.004543828
0.003678606
0.008679417
0.00488858
0.003745708
0.003247358
0.008516252
0.001752164
0.004210496
0.003817691
0.004457575
0.01036971
0.006434193
0.008931966
0.007531605
0.00548346
0.006710999
0.004520023
0.007101885
0.002708668
0.002163612
0.005522192
0.002896532
0.002836634
0.01148655
0.003606647
0.004133532
0.005917348
0.01463204
0.00857631
0.0079595
0.00558447
0.01076453
0.008023018
0.01171823
0.0111672
0.005052606
0.003106817
0.004741682
0.003930104
0.002308118
0.007265439
0.006216091
0.005702391
0.006144656
0.00559881
0.002752816
0.003717748
0.003919476
0.008544084
0.002006647
0.008852419
0.01015063
0.008552471
0.008576675
0.003119379
0.00263598
0.006083519
0.0058482
0.005742758
0.01069981
0.003763602
0.004963247
0.005012245
0.005641983
0.003586987
0.002243729
0.005824523
0.008088771
0.003993952
0.00373498
0.007208798
0.004925392
0.006204977
0.009956696
0.004642362
0.005343901
0.005051519
0.003248178
0.004805522
0.003774981
0.002147276
0.004639866
0.00784001
0.007125864
0.004737214
0.005634993
