0.03817889
0.02840731
0.03104574
0.0295727
0.03486656
0.03814031
0.03497324
0.0408506
0.05894316
0.03398567
0.03594472
0.03784379
0.03137374
0.0344669
0.05748616
0.05053366
0.04108592
0.02644407
0.03393686
0.03935956
0.03277752
0.03879241
0.02931465
0.0289418
0.02804393
0.02104481
0.02599763
0.0349275
0.04037282
0.04595545
0.03970308
0.03272193
0.0279649
0.04588727
0.04156785
0.03705712
0.02881818
0.02998003
0.02264269
0.02619309
0.02689832
0.02454658
0.02684713
0.02671967
0.02544293
0.02475577
0.01773928
0.02153289
0.01800063
0.02338625
0.02438455
0.02530499
0.02186917
0.02306297
0.03531875
0.02970387
0.0279318
0.03400922
0.02832605
0.03592956
0.03468517
0.04178357
0.04470242
0.0379505
0.03148855
0.03322883
0.03986353
0.03750828
0.03276838
0.04156054
0.03690178
0.04224379
0.03465954
0.03240802
0.04325066
0.05791087
0.04395754
0.04919536
0.03349917
0.03627938
0.03823612
0.03505862
0.03118783
0.043425
0.0401575
0.04140987
0.03621358
0.03234733
0.02606291
0.03316715
0.02582803
0.02151407
0.02369079
0.03146163
0.0293457
0.02620082
0.0348729
0.02642054
0.01976849
0.02416479
