0.001373073
0.0009569723
0.0009293621
0.00189673
0.002292036
0.002647463
0.002228492
0.001015417
0.001724495
0.001253669
0.001139092
0.0009689325
0.001103996
0.0008259301
0.0007246844
0.0004941893
0.001297541
0.001233264
0.001118916
0.001169648
0.00156719
0.003121982
0.004152114
0.003919106
0.003252048
0.003385713
0.001429226
0.0008641928
0.001307994
0.001061134
0.002530214
0.002055212
0.001514303
0.0008067421
0.001166571
0.001448202
0.001979127
0.001963467
0.001539032
0.001002989
0.0004167159
0.000420117
0.0004525612
0.0003019229
0.0006301852
0.0007255948
0.001220303
0.0007899099
0.0005417217
0.001112314
0.0009958458
0.001214321
0.001766803
0.002884606
0.004064286
0.002869192
0.001597123
0.001540803
0.001137023
0.001078058
0.0009812009
0.002362262
0.001116309
0.000789776
0.0005290418
0.0004567466
0.0005570081
0.0006992095
0.0005280435
0.0009199266
0.0009895667
0.0009137691
0.001068736
0.001139479
0.00119329
0.001512782
0.001390533
0.001149613
0.0007338983
0.0004342905
0.0004893397
0.0003838915
0.0002570992
0.0004559963
0.0004358054
0.0003132479
0.0006152776
0.0009044227
0.0008474008
0.0008145304
0.0009088221
0.0009025418
0.001176223
0.001438721
0.001346213
0.0006393365
0.0009972176
0.0007165536
0.0007281223
0.000633689
