0.3041476
0.2683072
0.2989713
0.2907162
0.2405763
0.2542444
0.3244056
0.2620027
0.3272456
0.2750411
0.2300875
0.1805176
0.2289982
0.2355546
0.2367668
0.2676443
0.3002826
0.2512379
0.224811
0.1333568
0.1746185
0.2452178
0.2852985
0.3096981
0.2520763
0.3093358
0.2608332
0.2823492
0.2281468
0.2102887
0.1654056
0.1646361
0.1565524
0.1673606
0.1824945
0.2360517
0.3089706
0.3867071
0.3223823
0.2685966
0.2471808
0.2761206
0.1551875
0.2177106
0.2326608
0.2429392
0.2558813
0.2875141
0.3791195
0.3522935
0.2462741
0.2824859
0.329751
0.2347911
0.2436863
0.1854163
0.1516701
0.1552262
0.1351026
0.1516767
0.164799
0.288712
0.2832079
0.3025493
0.3001699
0.339144
0.3398816
0.2670192
0.2397173
0.2525269
0.2729911
0.2885799
0.356338
0.3453792
0.2934813
0.305077
0.3482305
0.327858
0.2734814
0.3286949
0.3267178
0.2907328
0.2310456
0.2301757
0.2558391
0.236412
0.2759401
0.3183051
0.2827168
0.3298862
0.3711159
0.3218048
0.3106426
0.2249296
0.2557661
0.2225663
0.1939242
0.2038383
0.2140826
0.2568297
0.2446303
0.3052579
0.1815654
0.2527685
0.2202919
0.2737503
0.2504135
0.2606021
0.2681465
0.2538187
0.2878765
0.2009367
0.1906354
0.1125451
0.1167497
0.193076
0.1112258
0.1821281
0.2068424
0.2208948
0.2006053
0.2401835
0.1740987
0.1762803
0.2869509
0.2958659
0.1595527
0.1351551
0.1576871
0.1561732
0.1952221
0.2177951
0.1984649
0.1396381
0.1173958
0.1236052
0.160222
0.1652365
0.2128468
0.1668987
0.1890645
0.2507978
0.2307971
0.206157
0.2281246
0.2610364
0.402899
0.3874569
0.3514274
0.3668773
0.3580532
0.2591164
0.244441
0.2805721
0.2689949
0.2984722
0.3952711
0.3614125
0.3511845
0.3071167
0.3295933
0.3221052
0.2755297
0.244497
0.2085351
0.2358426
0.2093272
0.1798762
0.2598051
0.2673717
0.1384122
0.1530093
0.2065595
0.2039473
0.2158093
0.2537251
0.199976
0.2347493
0.2611864
0.2285329
0.208765
0.1589416
0.170458
0.2999144
0.2520711
0.279085
0.2405226
0.2507709
0.2593101
0.2339299
0.3662629
0.355235
0.3123868
0.3102266
0.3239935
0.3966371
0.3524676
0.3567427
0.4114752
0.353687
0.3361633
0.3355603
0.2559659
0.2459213
0.2534061
0.2508956
0.2624134
0.2257936
0.3399047
0.3488918
0.3199535
0.2998138
0.3178968
0.3016755
0.2479424
0.2132628
0.2416465
0.2224229
0.1671799
0.1153567
0.2012104
0.2964414
0.2696254
0.2546477
0.1556076
0.1224146
0.1456976
0.1046311
0.1739288
0.2317585
0.2533541
0.2450305
0.2441019
0.1974209
0.1930148
0.194596
0.1848036
0.2117862
0.2274498
0.2358673
0.2842293
0.3121105
0.3193318
0.3442971
0.3834359
0.3118748
0.3004674
0.3355899
0.4176606
0.3746573
0.3351563
0.287946
0.2748767
0.1906048
0.2231188
0.215479
0.268346
0.2298853
0.2453932
0.3297444
0.3112246
0.2647427
0.2513256
0.2389734
0.1852971
0.228432
0.1538587
0.1931076
0.1673972
0.3064777
0.3190818
0.2969585
0.307011
0.3190746
0.2865922
0.2339295
0.2911004
0.279356
0.2631338
0.2484349
0.2731483
0.3056638
0.2494603
0.2543864
0.1956594
0.1932322
0.1815329
0.1805234
0.2337371
0.2284071
0.2551342
0.2062284
0.272634
0.3007569
0.3491365
0.3417495
0.2458775
0.1692262
0.2157598
0.2081111
0.1760088
0.2466377
0.2598322
0.1801525
0.2550999
0.3332087
0.361644
0.2623303
0.2717588
0.2232525
0.2074539
0.1416347
0.1414534
0.1628436
0.1734713
0.2436473
0.245177
0.325042
0.2568161
0.2606104
0.2140863
0.181583
0.09304457
0.1100198
0.196679
0.2248422
0.2433006
0.2578718
0.2162398
0.2405135
0.2279975
0.2235172
0.1833753
0.2438689
0.2752927
0.3040462
0.3136553
0.2982761
0.2911193
0.2723104
0.3085987
0.2980201
0.2274318
0.2407648
0.2147273
0.1505526
0.1877497
0.1665351
0.1826143
0.2273101
0.1612562
0.1779788
0.2583601
0.3036996
0.2964626
0.273077
0.2410978
0.2020665
0.2274242
0.2403818
0.1807079
0.1791481
0.2300594
0.228132
0.2857629
0.3298642
0.2833114
0.3017108
0.2462529
0.1721286
0.2355232
0.1608317
0.1640671
0.2350648
0.1867756
0.12305
0.2380279
0.1629554
0.1593856
0.2208285
0.2899062
0.235427
0.2005304
0.1221632
0.1529319
0.1592211
0.2651319
0.1960939
0.2377361
0.2504239
0.2946675
0.3376344
0.251278
0.2815722
0.317183
0.3272993
0.3478723
0.3278486
0.2610889
0.2838261
0.2387094
0.2197998
0.3133944
0.2318587
0.2641972
0.1776633
0.2030895
0.2671306
0.3159113
0.2691307
0.2799463
0.3461389
0.3380122
0.2939652
0.2764402
0.2669094
0.3136599
0.3056439
0.2887402
0.2267173
0.177103
0.1598326
0.1286469
0.2072333
0.1715537
0.1330656
0.0932226
0.1253661
0.1907791
0.1975542
0.2262207
0.1911061
0.2613759
0.300956
0.3342585
0.2542697
0.2238966
0.2309728
0.2161656
0.1472779
0.1732835
0.195745
0.1869075
0.2503819
0.248969
0.2630272
0.2023042
0.2048732
0.2118173
0.1979639
0.1778065
0.2471573
0.2773153
0.235973
0.1933163
0.2468552
0.235505
0.1742875
0.2142681
0.2546111
0.2972615
0.3274151
0.3934512
0.3505799
0.3452534
0.2564494
0.2306641
0.2198449
0.1887914
0.2162816
0.2176704
0.2432921
0.3034627
0.3667515
0.3730977
0.4112985
0.2760905
0.2102174
0.2832684
0.2433809
0.327877
0.3155461
0.3135421
0.2500448
0.1906126
0.1909609
0.1527384
0.1946512
0.2095854
0.2481909
0.2533792
0.3172293
0.3028486
0.3236538
0.3500109
0.3407164
0.286759
0.2130986
0.1459101
0.2666873
0.2650934
0.2330777
0.2642056
0.2870012
0.3268006
0.2674698
0.2003456
0.2503484
0.2787103
0.2005314
0.2394059
0.2884426
0.2478599
0.2520587
0.2795757
0.3068334
0.3187834
0.3400425
0.3417494
0.3434726
0.3341565
0.2868775
0.3695954
0.3190577
0.2923276
0.3198159
0.3079384
0.2912775
0.3570764
0.3326068
0.340916
0.2683936
0.2328229
0.2214093
0.2228524
0.2608183
0.3081894
0.2716109
0.3148012
0.2638936
0.2827862
0.2446332
0.2649101
0.2896952
0.2173773
0.1624565
0.1888152
0.22922
0.1867525
0.2233281
0.2461065
0.2335896
0.1762453
0.2294716
0.2723457
0.2579776
0.301932
0.2495396
0.2756153
0.2010366
0.2352276
0.2367345
0.2601833
0.3347034
0.307094
0.284007
0.2024888
0.1757206
0.2740003
0.2695355
0.3187401
0.306105
0.3010719
0.2666074
0.2425303
0.1795967
0.1449717
0.2085992
0.2998439
0.2823153
0.3053106
0.356908
0.243805
0.3175183
0.2771794
0.2799701
0.279724
0.3243712
0.3603996
0.2939012
0.3682758
0.3188635
0.2855531
0.2140418
0.3314406
0.3234741
0.2362804
0.2548165
0.238372
0.2939336
0.3119447
0.3122121
0.2547241
0.2294767
0.1945201
0.1737135
0.1794869
0.209907
0.2306522
0.3029823
0.2602967
0.273361
0.2255164
0.2049062
0.1410896
0.1891498
0.2662836
0.3234379
0.2907024
0.3332569
0.341759
0.330161
0.3981049
0.3267406
0.2584334
0.2443455
0.1642855
0.2197505
0.2275518
0.3098811
0.269053
0.3292969
0.2462979
0.2665925
0.1504727
0.1699349
0.1628851
0.1611898
0.1414984
0.1482248
0.1727255
0.2261733
0.2839937
0.3018377
0.342251
0.2944835
0.2953398
0.22957
0.2542091
0.2940639
0.2363731
0.3023621
0.2499844
0.258704
0.2754689
0.2419488
0.220748
0.2176106
0.2769634
0.2082592
0.1983299
0.2835823
0.2906642
0.3101996
0.2970176
0.2798291
0.2649218
0.2768727
0.281078
0.2623664
0.2991335
0.2276513
0.1914164
0.1655589
0.1504809
0.2755572
0.2486599
0.2262805
0.2370574
0.25729
0.1756826
0.236334
0.1630495
0.1647405
0.1422882
0.1330678
0.2066167
0.2097612
0.2413049
0.2435066
0.2334621
0.1992624
0.2406801
0.2893092
0.3092866
0.2892983
0.2971069
0.37295
0.3195255
0.3290714
0.2524311
0.2224458
0.2420528
0.2535115
0.2674178
0.2691367
0.2345701
0.3020103
0.2429528
0.2340246
0.2562285
0.2847853
0.2688134
0.2319191
0.3193085
0.2956562
0.2740173
0.3297098
0.3410363
0.2811144
0.2768304
0.2741441
0.2329241
0.2210023
0.2830087
0.2391819
0.2241079
0.3112674
0.2947756
0.3669426
0.4222075
0.43716
0.4200614
0.4345331
0.4055759
0.3988447
0.324594
0.2434718
0.2312102
0.2263368
0.2435544
0.1792944
0.2016546
0.1838732
0.2007971
0.2445471
0.2134304
0.2367827
0.2276111
0.2517457
0.2595873
0.2286063
0.3379742
0.4366973
0.2948116
0.3009628
0.2880043
0.2675025
0.2095708
0.1953097
0.2587853
0.2700213
0.2824791
0.3166771
0.2536937
0.2260927
0.2765959
0.2466558
0.2103777
0.1900122
0.2188437
0.1802745
0.2257951
0.2303153
0.1855365
0.2128927
0.1816163
0.1630249
0.2223049
0.3054918
0.2816643
0.2284264
0.2615276
0.2377288
0.2515627
0.2637515
0.3110325
0.2622554
0.2041794
0.2032116
0.1954278
0.2222242
0.07931259
0.1066673
0.08333682
0.07881126
0.1770831
0.216489
0.2590622
0.2746899
0.2421953
0.1909224
0.2455803
0.2539089
0.2834302
0.2675647
0.2218109
0.2112688
0.2802535
0.2158098
0.2392649
0.2523714
0.2326342
0.1955034
0.2855499
0.3214905
0.3443988
0.2707962
0.2930394
0.1884334
0.1966333
0.1864979
0.236666
0.2736835
0.2633811
0.1952758
0.1945333
0.2442888
0.2031906
0.2617313
0.2972413
0.2890995
0.2194281
0.2079563
0.2068876
0.2542248
0.30621
0.2703249
0.2730546
0.2692398
0.3111851
0.2600249
0.2970836
0.2711915
0.2668994
0.2270045
0.207504
0.2344244
0.2903551
0.2224002
0.1863599
0.161032
0.2175834
0.2646559
0.2217425
0.2333426
0.2214513
0.2051749
0.2232503
0.2357711
0.2421696
0.2344131
0.2096647
0.2302669
0.2655645
0.2626921
0.3418658
0.289537
0.3311307
0.3346603
0.3332176
0.2551408
0.2716377
0.2218649
0.1953333
0.1904772
0.1989158
0.2100279
0.2270423
0.2734271
0.2942646
0.3066602
0.2662489
0.2724731
0.2580347
0.221636
0.19971
0.3202346
0.3802004
0.3172125
0.3889602
0.2836388
0.2358981
0.229568
0.2365921
0.1303635
0.1069981
0.1546815
0.1444403
0.178401
0.1630123
0.2443849
0.2310511
0.2676861
0.2812659
0.2812514
0.3122865
0.326448
0.233692
0.1935972
0.159765
0.1728548
0.1765624
0.1401922
0.09448051
0.1262121
0.2214542
0.240263
0.2755039
0.2384801
0.2913483
0.2696628
0.2377695
0.3390377
0.2604458
0.324282
0.307522
0.3139442
0.2123416
0.1500853
0.2091744
0.2403673
0.2694704
0.2524188
0.3007724
0.2248553
0.2938373
0.2182985
0.270371
0.3050399
0.2716795
0.2591526
0.1879786
0.2054037
0.2335607
0.201823
0.2069098
0.1837107
0.2089913
0.2345176
0.2031898
0.3061958
0.3195916
0.3356845
0.2726545
0.2379123
0.1996988
0.2662854
0.207163
0.1140972
0.1515435
0.1491818
0.203053
0.2099362
0.2354108
0.2016811
0.2164699
0.1435054
0.09550231
0.2126468
0.1854875
0.1693392
0.2693167
0.3428013
0.366687
0.3582548
0.3246344
0.2995269
0.261818
0.2886514
0.2221943
0.2643249
0.253007
0.2011942
0.1326665
0.1720994
0.2660313
0.251229
0.3107596
0.2757111
0.2721039
0.2590895
0.2620398
0.2559978
0.2201756
0.3036878
0.2557785
0.2350253
0.2149476
0.1556886
0.1608755
0.2433219
0.2162238
0.2019433
0.2122093
0.2801095
0.281542
0.2906823
0.3062642
0.3543544
0.3095389
0.284456
0.2742083
0.2390317
0.2373066
0.2265695
0.2326751
0.2290386
0.2315286
0.1813506
0.2266302
0.2863567
0.348932
0.2857216
0.2427061
0.2054632
0.2787519
0.302907
0.3942227
0.3187324
0.3061297
0.2952671
0.3202909
0.3425949
0.3417222
0.291909
0.2841621
0.3254865
0.3284436
0.2912832
0.3277658
0.3530911
0.3190061
0.3783544
0.3963572
0.357682
0.3486592
0.2809668
0.2728
0.2280614
0.1616382
0.1381587
0.1902917
0.2590173
0.2173096
0.2360131
0.2540781
0.2679852
0.2847068
0.2781217
0.2080931
0.2777789
0.26267
0.229238
0.1644698
0.2594884
0.2787684
0.259442
0.1978288
0.2523365
0.1759519
0.1820295
0.2130451
0.222456
0.2369221
0.2518677
0.2848018
0.2452895
0.2656966
0.2605404
0.2628594
0.2457194
0.2052435
0.2004587
0.2445505
0.2367316
0.277891
0.2879229
0.2610197
0.2364659
0.2392978
0.2691285
0.3074733
0.2272545
0.1830489
0.186377
0.2752051
0.3002482
0.3286331
0.3546547
0.3245874
0.2982414
0.2884979
0.2881524
0.3203392
0.3895066
0.3148175
0.3591193
0.2975165
0.2434966
0.1991102
0.1452237
0.1643095
0.234197
0.1286622
0.1025086
0.1938172
0.2500089
0.2831995
0.2385577
0.2084326
0.1577625
0.1747999
0.2218494
0.1554073
0.2310573
0.2262744
0.210034
0.1531506
0.1487792
0.1606421
0.2684785
0.2610378
0.2581853
0.2777633
0.2920036
0.2522802
0.1920466
0.2426047
0.09606516
0.190425
0.1534804
0.2342597
0.1950502
0.1826681
0.2202558
0.214149
0.1523425
0.2740825
0.2865798
0.2695036
0.2764525
0.3590766
0.3639108
0.3103944
0.249849
0.1993081
0.2011121
0.3047047
0.2922336
0.1959361
0.2159191
0.1499785
0.1261851
0.1382307
0.1260077
0.08931761
0.1893704
0.2342308
0.2438008
0.3308515
0.3163114
0.3294347
0.2193962
0.250402
0.2072647
0.2272724
0.2766672
0.3706634
0.3427637
0.3172798
0.3404578
0.3608985
0.4436399
0.4750422
0.3779708
0.3426131
0.3783625
0.4382663
0.4106595
0.3945599
0.4109214
0.3235976
0.3123705
0.315455
0.2760189
0.2364853
0.2316128
0.2458329
0.2755906
0.2779348
0.4043437
0.3604044
0.3361026
0.3501995
0.2765242
0.2555992
0.2674674
0.2697834
0.2985028
0.2655527
0.2065865
0.2735559
0.2702405
0.2746734
0.3191442
0.345681
0.3845092
0.3342645
0.2886521
0.27732
0.3243673
0.2863542
0.2115034
0.2622337
0.2746403
0.2980563
0.2581149
0.2506189
0.191307
0.1616815
0.1791557
0.2361323
0.2818744
0.3715721
0.3459624
0.2719606
0.2632388
0.2812321
0.238539
0.2904643
0.2776934
0.2786547
0.2148845
0.1481263
0.2197245
0.1784899
0.1916202
0.1674942
0.2362747
0.2206448
0.2444816
0.2674066
0.3377641
0.411193
0.383934
0.3586264
0.3089401
0.2572021
0.2688936
0.3125017
0.3966162
0.338281
0.3481274
0.2874988
0.2007725
0.2609201
0.2485315
0.2317607
0.2578722
0.1567239
0.216932
0.1859074
0.2708342
0.2592443
0.3096261
0.2637377
0.2658332
0.2563294
0.281083
0.2207353
0.16725
0.1123961
0.1305923
0.2005189
0.1831433
0.2091132
0.2465294
0.2872437
0.2702747
0.2633167
0.1902377
0.1915101
0.2910812
0.319315
0.2374811
0.2553021
0.1962041
0.1903046
0.2696944
0.2896561
0.3363316
0.2968604
0.2320747
0.1993777
0.1794865
0.291266
0.3475796
0.2895834
0.3408293
0.4068759
0.5043281
0.4276767
0.4556993
0.4045599
0.2423368
0.2306397
0.214255
0.1749103
0.1823781
0.2332784
0.240163
0.1728784
0.2141436
0.2659147
0.2641896
0.2648539
0.2692899
0.2244877
0.2218847
0.2455351
0.1938775
0.2278837
0.2791153
0.2848922
0.248953
0.2495369
0.2194304
0.1957204
0.1420562
0.1865732
0.2188255
0.2446744
0.2532564
0.2668235
0.3033322
0.3390183
0.3412518
0.3720041
0.3519075
0.3579192
0.3048687
0.4006177
0.3553824
0.4486884
0.3347545
0.3211786
0.2673644
0.3213097
0.3190435
0.2110251
0.2814936
0.2298962
0.2571523
0.2811153
0.255944
0.22998
0.2348315
0.2361927
0.2879178
0.2533299
0.2657718
0.2285337
0.2418737
0.2031089
0.2774359
0.2867527
0.2995709
0.2613124
0.2507547
0.2638212
0.270333
0.2688421
0.2461882
0.3188299
0.2555039
0.1910729
0.2496059
0.20475
0.154023
0.2035286
0.2629572
0.2156181
0.2167041
0.1725765
0.1798262
0.2552109
0.2734507
0.3464889
0.3084318
0.3241707
0.2603824
0.1924406
0.170606
0.1954741
0.1580647
0.2118028
0.2060982
0.2744189
0.2525726
0.2160821
0.2541953
0.3002193
0.3649101
0.400091
0.3851464
0.3687837
0.3733006
0.3489448
0.306481
0.2911371
0.2428206
0.2926878
0.3158749
0.257274
0.2599422
0.2357102
0.209949
0.2035649
0.229327
0.2396581
0.2418679
0.2521641
0.2976979
0.313192
0.3363223
0.2738929
0.2333366
0.1466383
0.1529698
0.2085003
0.2637651
0.2337674
0.2262133
0.2338067
0.2670997
0.3010266
0.3511044
0.2513333
0.2307174
0.2038636
0.1772205
0.2054456
0.3092901
0.3058278
0.2006338
0.1633838
0.1334407
0.2218712
0.2359254
0.2654731
0.267825
0.3007355
0.2504506
0.2504148
0.157368
0.169692
0.1318477
0.2148892
0.2667682
0.3388558
0.3539173
0.3070037
0.2349051
0.2868489
0.2088623
0.272031
0.2651705
0.2709877
0.2314444
0.2429427
0.2411312
0.2771324
0.2390237
0.316975
0.2963534
0.1987802
0.3144246
0.3008077
0.2536809
0.280947
0.2661495
0.272306
0.2765978
0.2952526
0.3086773
0.3419185
0.3481465
0.3321811
0.2841985
0.2675521
0.2667163
0.2219538
0.1957987
0.1674131
0.1864302
0.2144887
0.23478
0.1721681
0.2393038
0.2049806
0.2360917
0.2364631
0.2767093
0.2794519
0.3108806
0.2611241
0.2571877
0.279703
0.2894045
0.2878817
0.2253309
0.2959693
0.2759541
0.2294048
0.1850579
0.2317353
0.2381258
0.2498727
0.2839441
0.3004733
0.1658756
0.1495495
0.1294847
0.173005
0.2075986
0.2777534
0.282786
0.211136
0.2022132
0.126806
0.2074972
0.2153017
0.1608684
0.2108044
0.2007004
0.1966138
0.1552768
0.1368363
0.2333594
0.2388054
0.1958738
0.1804367
0.2380089
0.2643368
0.2370299
0.1869985
0.1687744
0.252285
0.3036214
0.2197677
0.1599371
0.1985631
0.1956324
0.2671485
0.264035
0.2523121
0.2402477
0.3168445
0.3253168
0.2780799
0.3038622
0.4054434
0.2925984
0.2346084
0.2838019
0.2770408
0.3102728
0.2616805
0.203319
0.2410009
0.2199489
0.1730672
0.160922
0.1144475
0.2165898
0.2191016
0.2803586
0.2721608
0.1453975
0.1693718
0.2347248
0.1740746
0.1323394
0.2293074
0.225122
0.2408449
0.3061283
0.3018481
0.1365668
0.1144577
0.1415261
0.1281402
0.2532215
0.2620495
0.2870073
0.3168052
0.2739685
0.2443409
0.2428505
0.2276489
0.146342
0.1542325
0.08222165
0.1624968
0.1110761
0.1044651
0.1463969
0.1332535
0.214608
0.1562151
0.1631972
0.1978581
0.3281436
0.2902901
0.3043515
0.3640123
0.1963066
0.2646192
0.35716
0.3298815
0.3248199
0.2932524
0.245958
0.233324
0.2525789
0.2013216
0.2675067
0.2766643
0.2804441
0.318356
0.2538798
0.2988636
0.2751614
0.2890258
0.4319396
0.3890995
0.3475089
0.3221306
0.3134911
0.319517
0.2206757
0.2906227
0.2118474
0.25404
0.285662
0.2168307
0.2919252
0.2973172
0.2921421
0.2053861
0.2005374
0.210671
0.1849247
0.1617893
0.1393157
0.1625472
0.2485502
0.2236716
0.1719723
0.1932083
0.165041
0.1216934
0.1817092
0.1925992
0.2191581
0.1654009
0.1679309
0.1412052
0.136049
0.1746875
0.2337903
0.2709003
0.2576194
0.2807363
0.2144526
0.2232558
0.2294939
0.2896592
0.2497428
0.1950555
0.1754203
0.1349893
0.1849271
0.1136163
0.02559366
0.08813286
0.1199143
0.2181647
0.2814466
0.2701281
0.2796333
0.2708574
0.1673954
0.1896188
0.212106
0.2561493
0.2501974
0.26385
0.2434904
0.2884629
0.240963
0.1949638
0.1697934
0.155273
0.1616709
0.2198211
0.2619125
0.2514672
0.243637
0.2910945
0.2397665
0.2598226
0.2753212
0.3023174
0.2903266
0.3277505
0.2771246
0.337708
0.2446721
0.2816556
0.2605945
0.2451872
0.2717
0.3222984
0.2533171
0.2336275
0.2943762
0.2464637
0.1603057
0.226513
0.2364001
0.3139152
0.3064639
0.3390886
0.3295835
0.2977794
0.2515957
0.327486
0.2763162
0.2204646
0.2614432
0.28816
0.2474467
0.1772776
0.146835
0.22214
0.2222422
0.2210676
0.2446809
0.2163406
0.1942837
0.2109221
0.1500986
0.2177417
0.2676818
0.2486102
0.2187971
0.1707688
0.2032084
0.2975204
0.3187214
0.2700694
0.3200388
0.2833975
0.254413
0.2048803
0.1795801
0.212771
0.193499
0.1970963
0.2771215
0.2319595
0.2072135
0.2038074
0.2286978
0.2419378
0.2603484
0.2350437
0.297082
0.2999707
0.2786649
0.2720703
0.2205804
0.1956356
0.2925366
0.2920979
0.3899481
0.3997994
0.2411039
0.2440873
0.2753506
0.2274565
0.2464362
0.2508434
0.228886
0.335356
0.3496993
0.3281876
0.3207911
0.2607957
0.2557328
0.2701356
0.2627299
0.2273972
0.3152569
0.3020938
0.3058302
0.2832269
0.2766747
0.2872254
0.2967352
0.2424333
0.1444481
0.1874715
0.1784643
0.1860944
0.2292361
0.262771
0.248021
0.3186385
0.2384868
0.1718985
0.200161
0.2007128
0.1937732
0.2062406
0.1785059
0.1382752
0.1809857
0.2418662
0.2501604
0.2759073
0.2083439
0.209115
0.2699495
0.34895
0.3454692
0.2588498
0.1694928
0.1565139
0.1700093
0.2314061
0.2605604
0.324066
0.2790998
0.3083739
0.2795971
0.2388981
0.2398028
0.2334815
0.2977175
0.2709072
0.3055583
0.2179705
0.2760217
0.1420361
0.2067437
0.3209228
0.2144295
0.1870514
0.2961118
0.2749727
0.4134937
0.3769012
0.293453
0.2906946
0.3181131
0.2675865
0.3027297
0.3244986
0.3263278
0.231642
0.2496216
0.1906216
0.1961998
0.2687642
0.1882892
0.2341972
0.2174252
0.1537438
0.2723279
0.2581537
0.233809
0.295642
0.2323782
0.2010103
0.217329
0.1992485
0.2532907
0.240046
0.1844489
0.191851
0.2496434
0.223282
0.2139753
0.1886502
0.23127
0.2850555
0.3382036
0.2884311
0.2878455
0.273044
0.2688458
0.3129163
0.3357312
0.3552267
0.2962969
0.25912
0.2728177
0.2337196
0.1847847
0.2253131
0.2492268
0.2150284
0.1871032
0.2578459
0.241562
0.2316789
0.1490389
0.1715652
0.1262965
0.1564967
0.2442033
0.2789131
0.3253528
0.3578573
0.3371633
0.3496608
0.2895901
0.2189929
0.1636989
0.09082295
0.1108567
0.1197576
0.135846
0.1449783
0.1956212
0.2493925
0.2124251
0.2170461
0.2280621
0.2470337
0.175062
0.2676472
0.2732382
0.3231428
0.3068262
0.3029614
0.2911088
0.2246462
0.1855336
0.1899703
0.1689084
0.1968277
0.2109358
0.2765985
0.2443024
0.2529153
0.3363768
0.2955573
0.2829591
0.276076
0.2048449
0.1885774
0.1706744
0.2380286
0.2482431
0.2882526
0.3090762
0.2689137
0.2800157
0.3309345
0.3087486
0.3629211
0.3301997
0.2883937
0.3262694
0.286037
0.2533922
0.2479452
0.2128812
0.1927665
0.1686218
0.1050564
0.1149714
0.1820914
0.1311898
0.1600774
0.2370097
0.2332125
0.2572146
0.2279727
0.2919255
0.2700946
0.3080936
0.2740811
0.2524056
0.3137008
0.3485891
0.3685657
0.3290982
0.2801481
0.2981385
0.2530555
0.2115205
0.2514097
0.2257131
0.1526459
0.2057309
0.3113965
0.3750011
0.3710445
0.2996744
0.2959223
0.2014498
0.3010893
0.2967055
0.2431713
0.2459318
0.2358275
0.2313694
0.1690198
0.2438105
0.2128534
0.2179278
0.1814569
0.1772276
0.1642636
0.2102498
0.2326644
0.2479657
0.2652684
0.2564856
0.2850885
0.1738907
0.1769915
0.2497319
0.2568413
0.2852687
0.2808505
0.2650306
0.1783557
0.2152242
0.2701792
0.2713913
0.2400451
0.3311272
0.3013745
0.3373729
0.3282115
0.3617269
0.3022959
0.3094368
0.2734374
0.3154255
0.2977532
0.2881949
0.2835952
0.3046793
0.3278419
0.3386184
0.3384768
0.4385857
0.3593824
0.4114392
0.2917016
0.3202705
0.3029598
0.333681
0.3426578
0.3964947
0.383992
0.4025697
0.4149718
0.4601683
0.4168939
0.3592381
0.3949525
0.4021166
0.3337996
0.2562552
0.2924358
0.2828044
0.2682626
0.2305748
0.1930968
0.1744297
0.1444163
0.1257665
0.157661
0.1177643
0.1486544
0.1221766
0.1497456
0.1879124
0.1132029
0.1869526
0.1539412
0.2147734
0.2178937
0.1977596
0.1893022
0.1803672
0.2229812
0.2220447
0.236753
0.2144919
0.2141812
0.2131738
0.2443898
0.280956
0.2615062
0.2770537
0.275254
0.281202
0.121762
0.2660271
0.3035902
0.3463865
0.2955521
0.3329216
0.2749735
0.2349041
0.2165659
0.190601
0.1455385
0.1325027
0.1695482
0.1885673
0.1836516
0.1714894
0.177947
0.1760991
0.2337773
0.2914094
0.331033
0.2948749
0.3136449
0.2921165
0.3194081
0.3009041
0.2411099
0.2692026
0.3332298
0.3708664
0.3007348
0.26857
0.2777341
0.227862
0.2074903
0.2281562
0.2765362
0.2753946
0.281793
0.2492277
0.3049494
0.3996424
0.2436955
0.157422
0.129762
0.1414529
0.120869
0.1806874
0.1777982
0.187163
0.1804884
0.1451214
0.2019649
0.1564795
0.158838
0.1752407
0.1077066
0.2180109
0.199269
0.2649972
0.2498466
0.3053038
0.2764651
0.3173703
0.2814141
0.2972717
0.245054
0.2117151
0.219655
0.1629106
0.2139933
0.2067145
0.1919929
0.2442262
0.2136504
0.263591
0.2235335
0.2233831
0.2416265
0.231659
0.2713648
0.3374712
0.3527471
0.3546246
0.3187819
0.2947559
0.2394633
0.2966741
0.2706299
0.2095426
0.2515928
0.2501944
0.2885869
0.3071895
0.3128898
0.4282716
0.350157
0.2867912
0.2147446
0.2455119
0.1851649
0.1508131
0.2072315
0.3027323
0.2720426
0.2902583
0.3029082
0.287869
0.2640366
0.1743659
0.1873784
0.1929977
0.1667605
0.2024104
0.2352892
0.2455884
0.222111
0.2182599
0.1902111
0.2235521
0.225013
0.1446451
0.1336266
0.247305
0.2344682
0.3472253
0.404116
0.3114605
0.1894252
0.2325026
0.2293155
0.2644065
0.3233955
0.2966657
0.2668469
0.2645095
0.202232
0.239803
0.1904523
0.2411197
0.2072108
0.2477453
0.2557333
0.1799665
0.2527211
0.2822748
0.3848221
0.3599448
0.31563
0.2549136
0.1862914
0.2362074
0.2979742
0.2916752
0.1973088
0.1889977
0.1982858
0.1508878
0.1373136
0.2132568
0.2099068
0.1896443
0.2549831
0.3372958
0.3696987
0.3707669
0.3114553
0.2688762
0.3075866
0.3427138
0.2589588
0.2052249
0.166543
0.2612128
0.2067672
0.2180514
0.260124
0.2486366
0.2110816
0.1796516
0.2497073
0.3210825
0.2410825
0.3009816
0.2809795
0.2773068
0.2718235
0.3042942
0.3116567
0.2664267
0.2629042
0.2063401
0.2171887
0.1879859
0.1224411
0.06915713
0.1485585
0.1966919
0.2408811
0.2619065
0.2390641
0.3336457
0.2743666
0.1875009
0.2821756
0.2587153
0.2695347
0.1946319
0.2196762
0.2524404
0.2368378
0.2505369
0.2908434
0.3122818
0.2938208
0.2572362
0.1866333
0.2437158
0.2498091
0.3132548
0.3016057
0.2349386
0.2919747
0.3419363
0.3917254
0.2771635
0.2396507
0.2858568
0.2474082
0.2064178
0.2689132
0.2314618
0.1254478
0.09791891
0.1346229
0.1706919
0.1558917
0.1749714
0.2209968
0.1851439
0.2433154
0.2025448
0.2011141
0.1805352
0.1756651
0.1810288
0.1725969
0.1852895
0.2064843
0.2672375
0.2457408
0.2694636
0.303758
0.2438331
0.2395992
0.228678
0.1450375
0.1080386
0.1081033
0.217487
0.2271174
0.1274141
0.1415647
0.2025753
0.1900217
0.2759067
0.2919745
0.331167
0.3766735
0.3057526
0.3552155
0.2916666
0.3124798
0.3741451
0.3378943
0.2351246
0.2288016
0.1974595
0.1213544
0.1651449
0.1721495
0.1875498
0.2446821
0.281971
0.2923645
0.2155595
0.1949408
0.197681
0.2364987
0.2583173
0.2693537
0.188133
0.2150126
0.2617478
0.2583578
0.3338104
0.2483147
0.2274778
0.2052319
0.1748728
0.2747469
0.2582617
0.3422789
0.2733051
0.1940269
0.1037384
0.1475814
0.1894474
0.2386209
0.2607395
0.2437202
0.2122017
0.2586325
0.3325294
0.3348735
0.2611599
0.2698567
0.2633653
0.2448403
0.2566161
0.2134868
0.2238281
0.2242197
0.2340679
0.2125494
0.2488923
0.2170506
0.2644127
0.2184392
0.2057107
0.2054187
0.2284973
0.2584122
0.2679017
0.169337
0.2236696
0.1928388
0.1917429
0.1448538
0.2266832
0.2219578
0.1852913
0.2550316
0.2370144
0.284023
0.2405703
0.1759293
0.1994198
0.1837915
0.189288
0.2084838
0.174728
0.1718341
0.2204525
0.1848784
0.2712219
0.272428
0.2768581
0.2999051
0.3196546
0.3285665
0.315631
0.3303298
0.3269546
0.2739219
0.2779185
0.2275492
0.28403
0.2859487
0.2954762
0.2787313
0.2898603
0.3395229
0.2749489
0.1996799
0.1692127
0.06935152
0.1591697
0.1512951
0.2439155
0.2725061
0.2850571
0.2778906
0.2990658
0.3153214
0.3343446
0.4117875
0.3976135
0.3948029
0.3511446
0.3563193
0.3034859
0.3041139
0.3167424
0.2089287
0.2394253
0.2175773
0.1809989
0.2068171
0.1709652
0.2234265
0.2123716
0.2197877
0.2075181
0.2350297
0.2956101
0.2823311
0.2586165
0.2459565
0.2955837
0.3165603
0.3055472
0.3479624
0.3701876
0.2694568
0.2662865
0.3138721
0.2005892
0.1653566
0.1525178
0.1935767
0.1319298
0.09847404
0.06381402
0.09862214
0.1299525
0.1410175
0.1287729
0.1673046
0.1807098
0.1729435
0.2544127
0.2782411
0.2143248
0.2213204
0.2258968
0.2027333
0.2122954
0.23264
0.2139657
0.2002928
0.2778718
0.2801458
0.2325925
0.245112
0.2430714
0.2393162
0.2274222
0.313596
0.325207
0.3154133
0.2948822
0.302304
0.3732225
0.2817734
0.283456
0.315032
0.2879045
0.2781669
0.2693033
0.1757645
0.1605067
0.155913
0.1628911
0.2646597
0.2577392
0.2435589
0.2210775
0.2156114
0.1947197
0.218514
0.2104768
0.2329143
0.2285121
0.3561729
0.3868333
0.3571322
0.364248
0.3640373
0.3334262
0.3132382
0.2892531
0.2587925
0.2475375
0.2464257
0.1491989
0.2041641
0.2741275
0.3316838
0.3097003
0.3806545
0.400964
0.3345162
0.3317429
0.2943777
0.2113237
0.2739612
0.2572759
0.2996962
0.3356313
0.3425168
0.3418394
0.3323858
0.3238835
0.3282506
0.3893441
0.3836585
0.3752705
0.4391606
0.4304439
0.3844113
0.4372046
0.3637219
0.3755549
0.3349107
0.3895963
0.2905763
0.2521522
0.263228
0.2954053
0.2870875
0.3662913
0.4109233
0.3909382
0.4050624
0.3652547
0.4119052
0.3846403
0.349106
0.2776407
0.2161573
0.2862895
0.1525621
0.2011913
0.1992202
0.2348148
0.2113939
0.2443784
0.3053523
0.2576462
0.2400128
0.265229
0.2837069
0.2293533
0.2352174
0.2701733
0.2630463
0.3211901
0.29688
0.3160361
0.2234936
0.1215905
0.1283492
0.1174626
0.1547746
0.1562266
0.1610803
0.2544795
0.2548854
0.2229722
0.3034301
0.3382493
0.3884424
0.396065
0.3241281
0.3563357
0.3175971
0.3305911
0.3637706
0.3469013
0.2383385
0.2117451
0.2243343
0.2348217
0.1479163
0.1524049
0.1820962
0.2569548
0.2871329
0.3317781
0.3098926
0.2626221
0.3630788
0.3579093
0.3161469
0.3681509
0.3240036
0.3719408
0.3644684
0.3263195
0.3543831
0.3207974
0.357413
0.4081444
0.3353947
0.2497421
0.211678
0.1786835
0.1632946
0.1128254
0.1080457
0.1345097
0.1361817
0.1827934
0.1852588
0.1768217
0.1542155
0.1819307
0.1682087
0.1813201
0.09556491
0.08690542
0.1050297
0.1327734
0.2180135
0.2353512
0.2342341
0.2192575
0.2148532
0.2863127
0.2370022
0.1957855
0.2379724
0.2600072
0.2974659
0.3144666
0.3059755
0.3056084
0.3166195
0.2873187
0.2871521
0.2293944
0.1845838
0.2487249
0.2934655
0.2419032
0.2995513
0.2495375
0.2510332
0.188302
0.1457067
0.1635872
0.1839765
0.1266012
0.1249308
0.1808201
0.2076509
0.2232088
0.2110254
0.1268039
0.1726664
0.1774442
0.1654074
0.1860439
0.1543044
0.2433792
0.2942828
0.3114749
0.2627877
0.2769572
0.2237476
0.2019467
0.1880844
0.1712089
0.1692613
0.2297656
0.2937511
0.294719
0.3288169
0.3407663
0.3776009
0.434665
0.3764575
0.3488713
0.324851
0.2494867
0.2694541
0.2646301
0.3036587
0.2927213
0.2645841
0.3093979
0.3248845
0.3368392
0.272839
0.2467812
0.2190777
0.3361818
0.334017
0.2239473
0.2538496
0.2462915
0.3059494
0.3127683
0.1631864
0.1779998
0.2943977
0.2524573
0.222065
0.3017871
0.3033213
0.3015434
0.2932264
0.2794346
0.3209997
0.3361373
0.2240343
0.2577885
0.2343739
0.2059817
0.2103978
0.2254785
0.2642596
0.2712256
0.2877083
0.2366857
0.2842432
0.2105669
0.2547475
0.2661891
0.2439753
0.2056793
0.2674765
0.264737
0.2561763
0.3328033
0.3321573
0.2382234
0.276388
0.2555251
0.2938263
0.2363651
0.2559601
0.2847471
0.2378722
0.2702039
0.2605139
0.1227175
0.1045648
0.1118777
0.1900583
0.1979279
0.178014
0.2250214
0.3093991
0.2888875
0.3041516
0.2881144
0.3425539
0.3613693
0.3876723
0.350699
0.2591965
0.2845969
0.2841248
0.2608021
0.2679859
0.2535834
0.2437867
0.2645572
0.3289172
0.394619
0.3139053
0.3092273
0.3122386
0.3341015
0.330654
0.2392567
0.1811043
0.204091
0.1748806
0.1928313
0.2166481
0.2333787
0.2734769
0.3382033
0.3116334
0.2995175
0.2284006
0.2177803
0.2739212
0.1997158
0.233882
0.239133
0.2468872
0.2570562
0.2972835
0.2510293
0.2168853
0.2400108
0.2408492
0.3005895
0.3639719
0.324171
0.3043296
0.2356819
0.2783074
0.291169
0.315228
0.3358614
0.3183603
0.3434593
0.2952807
0.2234735
0.1880513
0.1851996
0.1892126
0.23149
0.2355271
0.2650726
0.2966322
0.2637256
0.2917434
0.33109
0.3261442
0.3494893
0.3471674
0.3540578
0.3056897
0.3141542
0.3052758
0.2485401
0.2709122
0.2679215
0.2709562
0.3218372
0.2528582
0.168667
0.2365722
0.2500446
0.2827929
0.2633162
0.1805598
0.1618868
0.1450338
0.2098151
0.3414033
0.3258735
0.3527527
0.3079892
0.2810593
0.3142611
0.1982848
0.2172733
0.1991213
0.2640286
0.3325697
0.2851484
0.2673989
0.3577188
0.39079
0.3950622
0.3870284
0.3715877
0.2412427
0.2666456
0.1891384
0.2591629
0.2513168
0.1990415
0.2895941
0.2584657
0.265899
0.2488905
0.19022
0.2267798
0.2861483
0.2459903
0.2238853
0.2167809
0.209577
0.2011932
0.1961299
0.250581
0.285046
0.1597118
0.1655736
0.2000848
0.230668
0.2820893
0.2060016
0.2159211
0.2019154
0.1515703
0.2189167
0.2900085
0.3088951
0.2319981
0.2780745
0.2537856
0.1979403
0.2037175
0.2075207
0.24936
0.2141262
0.1290432
0.1691851
0.2335198
0.2058132
0.2397359
0.2652672
0.2455604
0.2090742
0.2342446
0.2244103
0.2540879
0.3261228
0.2934296
0.3310812
0.2829673
0.2691099
0.2288708
0.2233607
0.2821833
0.3374878
0.298087
0.2716554
0.2412278
0.2673519
0.3007258
0.2509383
0.2652235
0.3381019
0.2505639
0.3322465
0.3480368
0.3093945
0.3087917
0.32524
0.2773154
0.3021284
0.3658202
0.3262148
0.2867572
0.3046985
0.3084624
0.2625683
0.2853861
0.3309513
0.3631108
0.3582265
0.4125655
0.3998492
0.2410986
0.1727314
0.1470655
0.1380342
0.1684794
0.1073871
0.2008164
0.2816958
0.2844322
0.1879104
0.1661276
0.1748979
0.2234404
0.2224722
0.2160799
0.2593994
0.2680856
0.251007
0.1963041
0.1931922
0.231007
0.2899986
0.2920222
0.2510505
0.2668568
0.2806457
0.305266
0.3663363
0.3773935
0.3772618
0.3584383
0.3551958
0.3212829
0.2462438
0.2298267
0.3449623
0.2657426
0.220985
0.1613372
0.2362139
0.1629153
0.1697868
0.2244684
0.2253951
0.1409252
0.1143019
0.08946112
0.1543909
0.1802985
0.1899186
0.1988367
0.2480215
0.27168
0.2717309
0.3121901
0.2838792
0.2518621
0.3354736
0.4065755
0.3227177
0.2920769
0.2169256
0.2045091
0.1689107
0.1625607
0.1192094
0.1785149
0.2489159
0.2733943
0.2925458
0.2549054
0.2782269
0.2305975
0.1875407
0.2292394
0.2349179
0.1867473
0.1991068
0.2091551
0.2738737
0.2828429
0.3134535
0.2705813
0.1917084
0.2438279
0.2183212
0.250695
0.1707533
0.1650305
0.1401184
0.1603092
0.3128296
0.2579794
0.2563696
0.343453
0.276948
0.2062338
0.1946992
0.2652504
0.3255907
0.3309477
0.2578894
0.2571129
0.153779
0.2513929
0.2152552
0.2314988
0.1766887
0.2816703
0.3165375
0.2207211
0.2771318
0.2170903
0.1984663
0.2420469
0.2845698
0.2963724
0.3268755
0.3199955
0.2029608
0.21693
0.2373356
0.2523856
0.2842627
0.2449081
0.306544
0.3197548
0.2276944
0.2417594
0.2177975
0.1769092
0.2004014
0.2091531
0.1644654
0.1221311
0.192223
0.284721
0.2199319
0.2491768
0.286263
0.2358144
0.2513387
0.2468842
0.3040044
0.3370378
0.2869089
0.323839
0.2666359
0.2561823
0.2524862
0.267183
0.2082154
0.2425737
0.3406729
0.282663
0.2928242
0.2555778
0.1927647
0.2867571
0.2744098
0.1338309
0.2055265
0.2525262
0.28983
0.2972772
0.2988426
0.2676939
0.2020417
0.1921394
0.2518212
0.2403153
0.2865819
0.2643016
0.2933413
0.2690611
0.2215391
0.2070356
0.1966911
0.1830063
0.1746025
0.1843584
0.2184894
0.2331352
0.2436332
0.174431
0.2254392
0.2772869
0.311908
0.2857755
0.359914
0.2798957
0.2892017
0.2602742
0.2703072
0.2647788
0.227635
0.2899234
0.2587756
0.2685846
0.185392
0.1647419
0.1652149
0.2168519
0.2655068
0.2194508
0.2695228
0.3105825
0.3265836
0.3431133
0.3122051
0.3088006
0.3651585
0.3869247
0.422188
0.3817715
0.3923981
0.4181015
0.3931919
0.3503565
0.3192917
0.3248349
0.2962193
0.236511
0.2657825
0.1733129
0.1978293
0.2088558
0.1968954
0.20215
0.2442152
0.2949167
0.2325161
0.2022088
0.2162453
0.2556243
0.2557386
0.3123616
0.3698175
0.4803034
0.2925642
0.3136172
0.2393497
0.2708711
0.1464714
0.1641001
0.1808709
0.1926456
0.2821849
0.2417703
0.2167192
0.2817036
0.2575453
0.2705357
0.201732
0.1463015
0.2168015
0.2504515
0.2595766
0.174105
0.1731874
0.2150908
0.2896495
0.335685
0.3207845
0.3219407
0.2593679
0.3321198
0.298252
0.2552714
0.2725226
0.2399981
0.1493431
0.1471101
0.2225825
0.2444835
0.2307671
0.240951
0.2000324
0.2324208
0.2911592
0.3511746
0.3007161
0.2520138
0.281976
0.3472559
0.3445197
0.3554168
0.1998789
0.2355323
0.2184667
0.2666211
0.2467696
0.2294971
0.2253097
0.1615974
0.2291021
0.231695
0.253952
0.3480535
0.3926195
0.3537759
0.2910272
0.1978794
0.2648868
0.2424344
0.2606545
0.2540397
0.2702054
0.2417347
0.1951128
0.188567
0.1888002
0.2623424
0.2274183
0.2540615
0.2657071
0.3068502
0.2876777
0.3492101
0.3066248
0.2517363
0.2891814
0.297663
0.3097336
0.3690792
0.3349408
0.2974493
0.2024019
0.1861782
0.2534433
0.2050913
0.2295904
0.296076
0.2933055
0.2226705
0.2020277
0.2288489
0.2682289
0.4052532
0.4418295
0.4227311
0.3985614
0.2423817
0.2550494
0.2224183
0.2235045
0.3242142
0.3346327
0.3189697
0.3214027
0.275314
0.2580789
0.2300291
0.2269816
0.2926468
0.2955729
0.2382922
0.1846448
0.2247265
0.1983691
0.2258501
0.2144742
0.21888
0.2457945
0.2338991
0.3449533
0.3434029
0.242058
0.2400774
0.2118563
0.2975502
0.3196097
0.3283485
0.2761353
0.3119707
0.2659409
0.2427718
0.3036195
0.3188421
0.3289135
0.3786983
0.432891
0.3967515
0.3428498
0.3451753
0.306732
0.2755768
0.3405627
0.2784086
0.2992445
0.2843809
0.2634055
0.3304912
0.3584966
0.2989824
0.3520012
0.324688
0.2669569
0.2590357
0.249427
0.3224477
0.2760628
0.2138019
0.2867195
0.2197183
0.2777568
0.3278914
0.3427006
0.2353103
0.1620396
0.1804183
0.1974171
0.1976676
0.1698397
0.2147785
0.2227187
0.2304867
0.186683
0.1654402
0.1785645
0.1603744
0.2416327
0.2754121
0.3071888
0.340791
0.3341243
0.273809
0.3280887
0.2695932
0.2135449
0.2686484
0.2592318
0.2514384
0.2357373
0.2106781
0.2241093
0.3305346
0.2869008
0.2580607
0.257923
0.2638328
0.247796
0.3368192
0.354061
0.4022683
0.3565933
0.2441527
0.274014
0.2542583
0.2562517
0.2515599
0.2377095
0.2239769
0.2781453
0.2624966
0.2648064
0.3275834
0.3161317
0.2532272
0.2783834
0.3186466
0.340073
0.3122136
0.2668608
0.2373315
0.2343011
0.163622
0.2057032
0.2652314
0.3116872
0.343225
0.2683554
0.3036111
0.3350966
0.2380896
0.3133295
0.2851115
0.289511
0.3213628
0.3304064
0.287505
0.1933063
0.1870701
0.1842952
0.2043718
0.2148641
0.2358413
0.1228871
0.1589048
0.179169
0.204064
0.2073643
0.2745361
0.2376993
0.3119697
0.3156786
0.2493797
0.1867651
0.2705497
0.3147754
0.2399685
0.2533785
0.2868832
0.2883768
0.2063967
0.1618981
0.1823159
0.1947157
0.2091062
0.2608314
0.2426476
0.1721459
0.2320739
0.2669626
0.2476819
0.2642817
0.2066359
0.3253455
0.3125815
0.250226
0.2113323
0.2393592
0.2388999
0.2059432
0.2201193
0.2219066
0.1876669
0.242412
0.2909964
0.304913
0.2939984
0.3066009
0.3405078
0.3245304
0.3869777
0.3700491
0.35985
0.2995969
0.2270087
0.2455272
0.2075468
0.2213662
0.2355676
0.2716615
0.1930657
0.1717089
0.138791
0.1551362
0.1538263
0.2282685
0.2468584
0.3237557
0.2974739
0.2946877
0.2978626
0.2893775
0.2485869
0.2477905
0.216613
0.206856
0.2093145
0.2170502
0.2705348
0.2832851
0.2498028
0.2232623
0.2412297
0.2644126
0.2347941
0.2523095
0.1813106
0.1424093
0.1415747
0.1691012
0.2266272
0.2620093
0.257575
0.2947929
0.2031314
0.2319204
0.2581411
0.3127478
0.2947334
0.3091971
0.2878468
0.3336632
0.3055866
0.2382564
0.2439582
0.2906804
0.2712632
0.2902854
0.3579938
0.3263681
0.3082136
0.334007
0.4122636
0.3537866
0.3786252
0.4433405
0.3273969
0.3488319
0.3180995
0.3624168
0.3541623
0.2769647
0.2482986
0.2533966
0.2921706
0.1882916
0.1865225
0.2341115
0.2469128
0.2795744
0.2887983
0.2704986
0.2488738
0.279001
0.3468331
0.2066801
0.2497942
0.2326063
0.2764356
0.2726433
0.2503614
0.2209538
0.2115971
0.2188989
0.2547857
0.237391
0.219396
0.2118535
0.2423918
0.3002072
0.3008485
0.3449453
0.2862868
0.3673867
0.3622522
0.2749295
0.3552572
0.3103383
0.2915161
0.2457184
0.14455
0.1812057
0.2376307
0.2940144
0.3223833
0.3351377
0.1877598
0.1776884
0.1248586
0.1288511
0.14872
0.1722792
0.2578888
0.3228264
0.3534143
0.2808981
0.3135042
0.3385319
0.3595052
0.289616
0.2754929
0.2372222
0.2385475
0.1871333
0.1501551
0.1679805
0.263451
0.2260589
0.2829417
0.2412552
0.2318241
0.2433285
0.2500166
0.2046554
0.2822671
0.2722431
0.2113316
0.1205554
0.1224633
0.1569989
0.1645563
0.2317983
0.2361205
0.2881208
0.2439049
0.2281492
0.2290164
0.1433274
0.1739614
0.2241567
0.3240426
0.3814462
0.3693171
0.410728
0.4131026
0.3551812
0.3606379
0.394681
0.382558
0.3811801
0.2940096
0.2690692
0.2559004
0.2543093
0.2374105
0.2449484
0.2765263
0.344614
0.2856956
0.236878
0.2603808
0.2160022
0.2356013
0.1621549
0.1367712
0.1116313
0.2736012
0.2551573
0.2338281
0.2469545
0.2509933
0.248045
0.2413066
0.2095822
0.2378511
0.2694203
0.1949379
0.1670327
0.221608
0.1377549
0.2415049
0.1846548
0.1870541
0.1614274
0.1475273
0.1244196
0.1900344
0.1929941
0.2417831
0.2366778
0.19373
0.2410773
0.2331414
0.1757655
0.1833457
0.260136
0.2443898
0.2571014
0.2228512
0.2359455
0.2366467
0.1653275
0.1953529
0.2626252
0.2876717
0.2349261
0.233294
0.1955694
0.1673875
0.3071003
0.2888976
0.3254491
0.262436
0.2273929
0.1917372
0.2504618
0.2500448
0.2292222
0.247735
0.2057203
0.1906899
0.2019605
0.2472859
0.2504826
0.2678716
0.2237236
0.1598586
0.04262815
0.06943305
0.1005491
0.136399
0.1685793
0.1699148
0.2878815
0.2517354
0.2223522
0.1761332
0.1781968
0.2606716
0.2301441
0.3032158
0.2932057
0.2927763
0.2882486
0.3097214
0.2701733
0.2100938
0.2437868
0.3023811
0.2059699
0.2409246
0.2419875
0.2232753
0.2353262
0.2488612
0.2461759
0.2298095
0.2136692
0.1753123
0.1958925
0.2396377
0.2319085
0.2178134
0.2144564
0.2531707
0.1608682
0.1595674
0.09471665
0.1755857
0.1873522
0.2486971
0.199983
0.1214992
0.1425465
0.1411734
0.1867131
0.2624595
0.207374
0.2121645
0.2609139
0.3440336
0.3833115
0.3611198
0.3441868
0.3458433
0.2820108
0.2535977
0.1378309
0.181703
0.1679071
0.2699668
0.284616
0.2480283
0.2972406
0.2081191
0.1892029
0.2782979
0.3317804
0.2542519
0.3250885
0.4387548
0.4663506
0.4136916
0.3265158
0.3308122
0.3055416
0.2277143
0.1306999
0.2251476
0.2471851
0.3151854
0.3301193
0.2245043
0.224616
0.1874556
0.213389
0.261048
0.3200349
0.3958848
0.3322851
0.3110692
0.3620244
0.3611679
0.3720029
0.3797153
0.3374278
0.3302576
0.2619057
0.2157589
0.2448109
0.276199
0.2350295
0.2878498
0.3492062
0.3372484
0.2547674
0.2931849
0.2978243
0.2688351
0.3295369
0.2701658
0.2143378
0.2568995
0.237944
0.2761775
0.2933776
0.2896415
0.3130691
0.285608
0.2927417
0.245345
0.2484932
0.239167
0.1821962
0.2159356
0.2101607
0.233446
0.2915506
0.286102
0.2614419
0.2882185
0.2820268
0.2818935
0.2626749
0.2826083
0.3189585
0.3584433
0.3407735
0.2725228
0.2313761
0.1836351
0.1760347
0.2466049
0.2359855
0.2968932
0.2981249
0.2380449
0.2187235
0.2112323
0.2124601
0.1901333
0.2243759
0.2494238
0.2679087
0.3183903
0.3196183
0.3760288
0.2668541
0.325609
0.3109277
0.2709718
0.3585284
0.332019
0.3173817
0.2451446
0.2401067
0.2310995
0.2561418
0.2848176
0.3095804
0.3031184
0.2400838
0.2008972
0.2308328
0.3441541
0.3088469
0.2576772
0.260721
0.251309
0.2682772
0.2227524
0.2778751
0.2328848
0.3200369
0.2634142
0.2789414
0.2232723
0.2406558
0.2312642
0.2607821
0.2293718
0.2338085
0.3072362
0.3569141
0.3045063
0.3086493
0.2997536
0.2712445
0.3577382
0.3367135
0.3730692
0.324783
0.277511
0.2407205
0.269196
0.3041801
0.3281287
0.2938135
0.2296997
0.268035
0.1698425
0.1680639
0.1639411
0.2439078
0.1468038
0.127547
0.1641665
0.1419914
0.1734328
0.1714099
0.1814683
0.1895203
0.1977723
0.2063294
0.1933475
0.1928014
0.2283479
0.2316097
0.2470854
0.27315
0.3242773
0.2080878
0.2868834
0.238141
0.1620948
0.1486692
0.1676019
0.1768483
0.1479086
0.2176301
0.143563
0.1756763
0.2661954
0.2507106
0.2346899
0.2769901
0.2365122
0.1740855
0.1761018
0.1767058
0.2128281
0.1721833
0.1751695
0.307
0.3161574
0.2401108
0.3034283
0.3624145
0.2978606
0.2728567
0.2932764
0.2717971
0.3499283
0.4372104
0.4160473
0.2909288
0.2794742
0.3453069
0.2123586
0.1989701
0.1583765
0.2113425
0.3078773
0.3445332
0.3678074
0.345817
0.3361098
0.2247491
0.2995754
0.2638617
0.2994549
0.2937942
0.2578425
0.2733478
0.272702
0.2712156
0.3568902
0.2499739
0.2917933
0.3942371
0.4002053
0.3760259
0.3732428
0.3824372
0.3799597
0.3088963
0.3362318
0.2139172
0.1697994
0.2675094
0.2817006
0.2495324
0.2478242
0.2157491
0.1964661
0.2430182
0.3048329
0.3063068
0.2972412
0.2526666
0.2915946
0.3379305
0.2960934
0.312161
0.3232962
0.3217211
0.3211454
0.281835
0.2208856
0.2102425
0.1775437
0.2139977
0.2166013
0.2210855
0.2807814
0.3333365
0.3911907
0.3933924
0.325176
0.3570012
0.3327903
0.24712
0.2655738
0.2433227
0.1332634
0.08718601
0.01419563
0.05917311
0.1735744
0.2295877
0.2262562
0.2082876
0.2429151
0.2775173
0.2541707
0.2161636
0.1836733
0.2305659
0.1840555
0.1666028
0.1410495
0.1789799
0.1542832
0.1339843
0.1715991
0.2874844
0.300081
0.3870334
0.3724376
0.4106499
0.4093997
0.3301045
0.348112
0.3154226
0.3065641
0.2890446
0.1742311
0.2305545
0.19362
0.2689499
0.2796513
0.2816174
0.2500148
0.2462627
0.3212114
0.3856424
0.35107
0.3743572
0.3712172
0.3479315
0.3322249
0.3879991
0.4159854
0.331834
0.3270153
0.2898132
0.2273222
0.1741732
0.2223206
0.1864539
0.1638358
0.2216553
0.1677326
0.1701711
0.1807992
0.2644362
0.2828654
0.2739319
0.2602628
0.3006986
0.2396266
0.188283
0.2134753
0.2526167
0.2630946
0.241492
0.2079349
0.1930697
0.2056799
0.126447
0.09362986
0.09241483
0.09303965
0.1963376
0.2189465
0.1428495
0.1325865
0.2217681
0.1413998
0.1614596
0.1799119
0.2558409
0.3303053
0.3483346
0.3001548
0.3401413
0.2864862
0.3589923
0.3414447
0.4056539
0.3950809
0.3900433
0.339269
0.2935257
0.2543412
0.2732411
0.2863795
0.2905509
0.3246569
0.2745953
0.2514354
0.2021073
0.2569017
0.1980581
0.2554809
0.2761373
0.2569636
0.3128041
0.2782287
0.2424106
0.2256798
0.2850771
0.2946689
0.3321004
0.3644527
0.3695101
0.2793209
0.279881
0.4268543
0.3726948
0.3308016
0.3307389
0.3162158
0.3230716
0.2919716
0.3209278
0.3484946
0.2645832
0.2273286
0.2808682
0.2897575
0.3209977
0.2972003
0.2268757
0.2539887
0.2734605
0.2736353
0.2319711
0.2017643
0.1228725
0.1372793
0.1704417
0.1903141
0.2279358
0.277176
0.3014124
0.348531
0.3804659
0.3961331
0.3597004
0.4114765
0.2486102
0.2950916
0.2989829
0.2259545
0.205797
0.1999886
0.1351751
0.2063839
0.2035356
0.2370924
0.3171839
0.3010918
0.3319521
0.295037
0.2555931
0.3233362
0.2805586
0.249416
0.3301726
0.2931846
0.2365537
0.2049372
0.1137664
0.1627575
0.2006136
0.201862
0.2764272
0.2427383
0.2759956
0.255287
0.2781186
0.2638683
0.2706947
0.3001773
0.2915526
0.2809743
0.245398
0.2335264
0.2433111
0.2518863
0.1944831
0.2523814
0.2383145
0.2687394
0.1966213
0.2232282
0.255331
0.2434578
0.1729578
0.1767608
0.2246494
0.1955924
0.2191868
0.1808447
0.2158856
0.1911303
0.2032958
0.2447992
0.2444252
0.2017759
0.2561314
0.3093611
0.2649451
0.2948728
0.2455861
0.2797055
0.2273098
0.245383
0.3106525
0.2740309
0.2936193
0.2427036
0.2357002
0.1875493
0.1557643
0.1828298
0.1543188
0.08834141
0.1036708
0.1222888
0.2302959
0.254722
0.2246173
0.2711766
0.3247688
0.3438594
0.313012
0.3633683
0.3476567
0.3313788
0.3430507
0.3521875
0.348857
0.3113105
0.3698396
0.3866187
0.4417218
0.3853785
0.3409662
0.289744
0.3061363
0.3400105
0.3301954
0.3085577
0.3172981
0.2513542
0.2697261
0.2152547
0.3188728
0.2631223
0.3168345
0.2520172
0.3247388
0.3075707
0.3100991
0.3524602
0.3133101
0.2369598
0.1607425
0.214685
0.3308246
0.2462216
0.2171047
0.2429195
0.2421543
0.2024311
0.3143962
0.265346
0.2571127
0.2095464
0.2242697
0.2374705
0.2444928
0.2183975
0.1833111
0.2326162
0.2162904
0.2473235
0.2580472
0.3216015
0.3255998
0.2888145
0.2832336
0.2920756
0.3204565
0.288391
0.3583805
0.3684585
0.3925018
0.419959
0.3968596
0.411645
0.388172
0.327387
0.3367326
0.1872127
0.09679593
0.09341118
0.07476312
0.07486321
0.113405
0.1419079
0.1915717
0.2360333
0.2272778
0.2659554
0.3196164
0.2707279
0.2493376
0.2681519
0.2341306
0.2802794
0.3187443
0.2860596
0.3566915
0.2981575
0.2839666
0.2481479
0.1980166
0.2606709
0.280802
0.1786806
0.280221
0.2411197
0.2705596
0.3045583
0.2989442
0.1943367
0.1998789
0.1140736
0.2182992
0.2086521
0.2759437
0.3217416
0.1806592
0.2008878
0.2200328
0.2170307
0.2756799
0.2264913
0.2572825
0.2869573
0.2148707
0.2070665
0.2162819
0.17738
0.1789872
0.2070651
0.2034839
0.1883624
0.1475633
0.2609997
0.2340418
0.1410475
0.1298381
0.1959117
0.2842774
0.2929364
0.2353324
0.2459589
0.311076
0.2790394
0.2294344
0.1462165
0.2346419
0.2269179
0.2829288
0.2298366
0.2221196
0.2350266
0.2776963
0.2947616
0.2645397
0.290851
0.2914864
0.2686378
0.3126164
0.265029
0.2721154
0.3925036
0.3948753
0.3709768
0.3370982
0.3536468
0.3241984
0.2878777
0.2103038
0.2548879
0.2792006
0.245314
0.2235186
0.277948
0.2371079
0.3217974
0.4085848
0.3844263
0.4272229
0.4515858
0.4745359
0.4034213
0.3420918
0.2918157
0.2247095
0.1879247
0.1211547
0.278229
0.2058774
0.1723299
0.1952548
0.2918373
0.330083
0.2775306
0.2741041
0.2146232
0.2665774
0.3547897
0.3912411
0.4027638
0.322483
0.3226773
0.2729548
0.2522811
0.2877852
0.2388233
0.1888585
0.2028771
0.2554597
0.2352142
0.2702657
0.2826394
0.1906744
0.1544701
0.1930134
0.1792838
0.1368218
0.1144598
0.1370071
0.06775172
0.1249715
0.1031257
0.1033844
0.1354215
0.1643166
0.1782458
0.2378865
0.2411655
0.2915839
0.2404123
0.233711
0.2886864
0.2153381
0.1311191
0.1504115
0.2134989
0.2038834
0.2135252
0.2180929
0.2498248
0.2670283
0.187539
0.236101
0.2367247
0.2107455
0.2454352
0.2301107
0.2921924
0.2568667
0.2011079
0.2061596
0.2537982
0.2430005
0.2930461
0.2695886
0.3125113
0.3660061
0.3357231
0.2632985
0.207344
0.211549
0.3002402
0.3317829
0.2630349
0.2475387
0.2967067
0.3747986
0.3923297
0.3581956
0.2719202
0.2741052
0.3240662
0.2989342
0.3219272
0.3608459
0.368106
0.3141114
0.3331665
0.3169198
0.3399984
0.3121877
0.3310652
0.2510952
0.3221512
0.2677536
0.2392477
0.3089156
0.3521422
0.3148663
0.3131295
0.2983626
0.333719
0.3280411
0.2865628
0.3252302
0.2741724
0.3112425
0.3674908
0.3931197
0.4328884
0.4001082
0.3547183
0.3341076
0.2733419
0.1829788
0.2943791
0.3374864
0.2975615
0.2336022
0.2551371
0.2768452
0.2536149
0.2237252
0.2658413
0.2436687
0.1971934
0.2600135
0.1901411
0.2051867
0.1223486
0.1738181
0.202503
0.2737677
0.2535607
0.2268089
0.328578
0.1842341
0.2001572
0.2796603
0.2309854
0.2143746
0.2064069
0.2105485
0.2177711
0.2909128
0.2418275
0.2420142
0.2368038
0.1871997
0.211424
0.1780436
0.1541916
0.1263088
0.1406905
0.1464809
0.2278095
0.2830376
0.270332
0.2369586
0.2085407
0.2174767
0.1887114
0.2083145
0.2494158
0.2351945
0.20284
0.2055299
0.2138456
0.2261293
0.3172721
0.2931733
0.2606183
0.239406
0.2770461
0.2538307
0.2362139
0.2398301
0.2200855
0.2844045
0.2827141
0.3558638
0.3526236
0.3200655
0.2223354
0.1774238
0.2084372
0.203918
0.2259157
0.2536821
0.2949731
0.2592715
0.2122144
0.216872
0.2499931
0.2056613
0.1999512
0.1992766
0.1834894
0.1537336
0.2238611
0.2896753
0.2990442
0.3018081
0.1956698
0.1220239
0.07085917
0.2185681
0.2446903
0.3181976
0.3411888
0.2990751
0.3080312
0.336196
0.286795
0.2537305
0.2044574
0.1547128
0.2191387
0.2543327
0.3233628
0.3176302
0.3478925
0.3387636
0.3228391
0.293161
0.1977325
0.1751423
0.1731721
0.1960944
0.2442244
0.2909147
0.3330256
0.3142214
0.3584191
0.3042678
0.3167743
0.3295864
0.3483346
0.3303282
0.3025852
0.2685908
0.331527
0.3686797
0.337299
0.3259978
0.3098536
0.3211139
0.2857714
0.3180022
0.3166316
0.3454873
0.3277931
0.2931741
0.2471247
0.2699216
0.2799347
0.3144772
0.2650952
0.2417909
0.2655421
0.2316804
0.2469058
0.2218501
0.2251114
0.2956766
0.3770352
0.331173
0.3276047
0.3657272
0.3347906
0.3101578
0.3092871
0.3673688
0.3736942
0.3963396
0.3724861
0.3207117
0.3706363
0.353933
0.2812181
0.2501484
0.3294269
0.2388072
0.2321866
0.243641
0.1933727
0.2122191
0.1958233
0.2827856
0.2517642
0.2360608
0.3891944
0.3732162
0.3461156
0.1974305
0.2653345
0.2299523
0.1862361
0.3153926
0.3179279
0.3918002
0.3333033
0.3283698
0.331518
0.2925411
0.2794534
0.3078281
0.2843189
0.2241481
0.2088958
0.1445482
0.2234992
0.2944545
0.2191146
0.2056584
0.2401033
0.2948492
0.2920204
0.182837
0.1324259
0.1759842
0.1795735
0.1221659
0.1785008
0.2566086
0.3115509
0.3183673
0.3226127
0.3238785
0.3375741
0.2235032
0.1667738
0.1883996
0.2394893
0.3135693
0.2880239
0.3191356
0.2564282
0.2806312
0.2355268
0.1627105
0.1059258
0.1095317
0.3074229
0.2681351
0.287019
0.2669972
0.1474562
0.2518425
0.2703189
0.2807144
0.2417931
0.288904
0.2547109
0.2466257
0.2764902
0.3045914
0.2763818
0.2306264
0.2085954
0.1666913
0.253014
0.2371705
0.1980122
0.241494
0.1999101
0.2482688
0.2333618
0.1601272
0.1621273
0.1799229
0.214747
0.2906536
0.2496043
0.2311877
0.3179978
0.2553601
0.2925826
0.2369347
0.2499026
0.2607961
0.2914495
0.2560233
0.2400879
0.3157607
0.3447229
0.307202
0.3119107
0.3212658
0.3319703
0.2613239
0.1878187
0.1759994
0.1621072
0.1579231
0.1923146
0.1827068
0.1873781
0.2259089
0.225966
0.2572703
0.2271151
0.1913615
0.1517511
0.1601934
0.1395064
0.1604513
0.182906
0.1594839
0.1428792
0.2211753
0.1796664
0.1281018
0.1952161
0.1290203
0.1024444
0.1175753
0.1669585
0.2695864
0.3077462
0.3092574
0.332839
0.3163111
0.3055445
0.3515764
0.3887251
0.4099301
0.360466
0.3244111
0.3260703
0.3235801
0.2151978
0.2449717
0.2255023
0.2884475
0.3261987
0.3304837
0.3102864
0.2284466
0.2084626
0.1676215
0.1688593
0.1738655
0.2524468
0.2603035
0.1810333
0.1915301
0.1442318
0.1890504
0.25157
0.2715098
0.2332412
0.2841129
0.2532142
0.2958287
0.2361956
0.2418871
0.2315626
0.3157578
0.278279
0.3129789
0.251557
0.2946932
0.3165884
0.260471
0.2967633
0.2927243
0.3252921
0.3076453
0.3323621
0.3394708
0.3291486
0.280614
0.2495885
0.1833281
0.1759547
0.2334654
0.2257885
0.1798749
0.1685447
0.2151503
0.2218411
0.178168
0.2517695
0.316679
0.295788
0.3539499
0.301748
0.3069618
0.2475757
0.2271663
0.2536365
0.2598202
0.2574987
0.2483156
0.2524308
0.1531191
0.1992964
0.1671383
0.2113664
0.2829583
0.2017647
0.1447678
0.0761405
0.09127827
0.1085925
0.1105378
0.1401313
0.1841395
0.2181493
0.2325914
0.2480375
0.3104155
0.4225082
0.3210327
0.2602954
0.2286919
0.1685578
0.215014
0.2083139
0.2577054
0.2941643
0.3553241
0.4394741
0.4109745
0.3685549
0.3523969
0.2637419
0.2162151
0.2138304
0.2210773
0.2472921
0.2452243
0.2567
0.3518039
0.3128323
0.2662424
0.1608598
0.2090344
0.2194063
0.2575919
0.2916921
0.3362332
0.3250884
0.3071966
0.3054986
0.2809038
0.228611
0.187575
0.2082219
0.2073722
0.2796966
0.3427378
0.3139397
0.3599586
0.3750319
0.3436791
0.3591911
0.3698666
0.3311402
0.2928192
0.285274
0.2600967
0.2890699
0.2706524
0.3361329
0.282322
0.2980184
0.2980456
0.3110702
0.3240145
0.3248132
0.3297081
0.3397858
0.3317252
0.2999646
0.3042904
0.2808373
0.2872258
0.2806725
0.2731162
0.2219122
0.2625995
0.2986029
0.2870208
0.3123607
0.294508
0.2211004
0.1621383
0.2362629
0.1922553
0.206037
0.1190677
0.169326
0.2136556
0.2636296
0.2643693
0.2358161
0.2432075
0.2415888
0.1550521
0.1895956
0.2003663
0.2456495
0.2095428
0.1808071
0.2614808
0.2396274
0.3051543
0.30445
0.266172
0.2466038
0.1995321
0.2100712
0.2334928
0.2754027
0.2314272
0.329632
0.3886783
0.4160478
0.3497082
0.3284195
0.2869127
0.2251753
0.2372978
0.1717487
0.2543783
0.2434316
0.2512164
0.2974943
0.3173449
0.2367533
0.2445285
0.2567724
0.2391429
0.241689
0.335494
0.2708748
0.2317975
0.1605163
0.2555616
0.3100477
0.3523733
0.3934457
0.4116488
0.2893732
0.2532747
0.1306719
0.1377115
0.1219859
0.1793712
0.2210433
0.3022333
0.2778382
0.2723469
0.2736395
0.3145067
0.3172638
0.3679669
0.3560267
0.3615255
0.4300185
0.4162425
0.4012318
0.3683495
0.3739637
0.3805996
0.3230317
0.3000189
0.3351771
0.3094618
0.252315
0.2911188
0.3050843
0.2645715
0.2070916
0.1763954
0.0851581
0.1316773
0.1580813
0.1891853
0.253139
0.3069197
0.2885469
0.2633218
0.215434
0.1456171
0.2504823
0.2178473
0.1997302
0.1778208
0.196092
0.2588088
0.307935
0.3475076
0.2853007
0.2575059
0.2652834
0.2717004
0.2782684
0.3408057
0.3092062
0.3008268
0.2706538
0.2807031
0.2324479
0.2098797
0.2641625
0.2310992
0.233179
0.2571938
0.268642
0.2368801
0.2187615
0.2041014
0.234888
0.1920423
0.2365394
0.3012406
0.2152243
0.2102876
0.3413316
0.3480159
0.3040742
0.2775946
0.2497775
0.2522506
0.2553976
0.270001
0.2382977
0.3055177
0.2730302
0.1820463
0.2712234
0.2189825
0.2541768
0.2382609
0.2409843
0.3067374
0.3868635
0.3940716
0.3662524
0.4095353
0.294704
0.2468123
0.2114084
0.1132453
0.1841705
0.2211843
0.229688
0.2803278
0.3425409
0.2965721
0.2200108
0.2396268
0.2455722
0.2815381
0.1714779
0.196962
0.2257472
0.2932704
0.3330068
0.3372567
0.3169924
0.3056229
0.2395056
0.2158772
0.1643085
0.1934966
0.2628166
0.1511525
0.2668852
0.2210325
0.2381488
0.2911257
0.312204
0.2632662
0.1960981
0.2053535
0.2643846
0.258072
0.2714526
0.2712191
0.2906089
0.3224323
0.3168392
0.2918814
0.2042134
0.2394796
0.3171211
0.3074493
0.3094341
0.3566934
0.2932957
0.2877105
0.2409962
0.1975257
0.2399196
0.1679272
0.1881317
0.2288635
0.2136881
0.2709923
0.2690598
0.1691663
0.2347865
0.3048794
0.3202776
0.2629767
0.2876466
0.2792527
0.2827363
0.3522286
0.3218043
0.260327
0.3242533
0.3076035
0.2507114
0.2813673
0.3420923
0.2855069
0.2841528
0.2532143
0.2673653
0.2230869
0.1860074
0.1466525
0.1636953
0.2324943
0.2146096
0.2436858
0.2160021
0.2101991
0.2259067
0.2371423
0.2228108
0.2198961
0.3224319
0.3007085
0.3004031
0.2957405
0.2743229
0.2474791
0.2161847
0.2511547
0.2864104
0.2645367
0.2580517
0.2224774
0.3061764
0.2867311
0.1973306
0.2632251
0.3184036
0.2545077
0.1374934
0.2087797
0.2905587
0.2905734
0.211769
0.2634869
0.1967126
0.1862513
0.2083597
0.2710745
0.2912213
0.3005433
0.2740836
0.1966823
0.2058943
0.1879488
0.2348368
0.2093768
0.1957204
0.1870439
0.2575571
0.314048
0.3952024
0.3479155
0.2637392
0.2406958
0.224047
0.2116884
0.2427884
0.206175
0.3129059
0.2740776
0.2213733
0.2264823
0.2790325
0.3319537
0.3354056
0.342984
0.2716124
0.2569475
0.24906
0.2401156
0.3105621
0.3417021
0.4417924
0.3775041
0.3103565
0.2973488
0.2668204
0.1928846
0.2050844
0.1810387
0.1965461
0.2330117
0.1884292
0.2266244
0.2869118
0.2509294
0.1743158
0.201326
0.227456
0.175592
0.2002293
0.2627045
0.2942781
0.2115163
0.2916994
0.2777176
0.1998397
0.2160387
0.2987031
0.2863983
0.251801
0.3583551
0.3967154
0.4351607
0.3630542
0.3402398
0.2742903
0.2401874
0.1876216
0.2219635
0.1214065
0.1558494
0.1739004
0.2201282
0.2030727
0.1985208
0.2177916
0.2395991
0.2372912
0.3053702
0.2745296
0.2275566
0.2574909
0.2460556
0.2746701
0.3063767
0.2894104
0.3231176
0.2824817
0.2901373
0.3256426
0.3394773
0.2461858
0.2043911
0.1869256
0.1931392
0.1306426
0.1669734
0.1900778
0.1611711
0.1711528
0.2428746
0.2389135
0.2081772
0.1873136
0.1701228
0.2090494
0.1792743
0.2148783
0.2331178
0.256171
0.2517346
0.3339281
0.3453444
0.314813
0.2821595
0.1919125
0.2492741
0.3581083
0.4316479
0.4335819
0.339891
0.3238307
0.3535266
0.3364392
0.3112374
0.336655
0.2696881
0.2365446
0.1703382
0.2850745
0.2955787
0.2603178
0.1906932
0.1696681
0.1772877
0.2159335
0.2209324
0.1534513
0.2116615
0.2447012
0.2951442
0.1960395
0.2805664
0.3565673
0.3734434
0.3586979
0.3466889
0.3158022
0.3030002
0.2204849
0.2794246
0.3094994
0.3369929
0.2515761
0.3050651
0.2754011
0.237762
0.3075434
0.2507162
0.2582789
0.2702919
0.3047886
0.229295
0.2814978
0.3444506
0.3396623
0.2738246
0.1931173
0.09691716
0.1267377
0.1852445
0.2089714
0.1929017
0.3079948
0.3404421
0.3078654
0.2689525
0.2956368
0.29563
0.2780093
0.288216
0.2920351
0.2358396
0.2956698
0.2378861
0.2370004
0.3028485
0.3436514
0.3044123
0.3491896
0.3938979
0.4369507
0.3901479
0.3911368
0.3499097
0.3348601
0.3266634
0.2785025
0.2602837
0.266061
0.2524652
0.2978631
0.2807738
0.2926215
0.3131067
0.2991029
0.2871287
0.2758899
0.3586038
0.3123802
0.2312164
0.1888958
0.2250576
0.1711501
0.1788207
0.3060244
0.2425813
0.267598
0.2454371
0.3195514
0.344541
0.3322741
0.2872793
0.3089121
0.2826396
0.2604819
0.2444638
0.2541391
0.3006985
0.3214183
0.2447936
0.2392438
0.2400529
0.2574445
0.2660944
0.1783385
0.0944577
0.1013259
0.08763897
0.1315136
0.2506158
0.2973688
0.2809343
0.2440599
0.2189689
0.2195671
0.1731571
0.1884211
0.262789
0.3575074
0.3712722
0.3046425
0.3551046
0.2783244
0.3779387
0.3955804
0.3277449
0.179956
0.2489537
0.2926774
0.3157215
0.2112748
0.2479502
0.2714076
0.2275037
0.3077854
0.2989036
0.2996973
0.3152054
0.2719051
0.1967545
0.281918
0.1915012
0.180664
0.2124237
0.3024872
0.2643824
0.3259137
0.3268011
0.3139816
0.2761785
0.3135423
0.3173009
0.2431727
0.2306234
0.2885151
0.2482529
0.3110844
0.3182474
0.3274019
0.2591078
0.2526272
0.2110276
0.3318492
0.3076977
0.2887278
0.276033
0.2430333
0.2934578
0.2516302
0.2746469
0.2580008
0.2855482
0.3153054
0.2558141
0.2713532
0.2752215
0.3029907
0.360673
0.2840754
0.3070364
0.2812301
0.1990217
0.3057564
0.2123921
0.1302749
0.2176642
0.2253049
0.2122885
0.1731801
0.2545635
0.2297792
0.2732607
0.3041354
0.209981
0.2509136
0.1884054
0.1893768
0.1696114
0.1918687
0.2259706
0.1938066
0.2125025
0.2159599
0.3402917
0.3591908
0.3820289
0.3059909
0.2866533
0.3424911
0.3213309
0.3602515
0.3563055
0.2151816
0.1929443
0.1594015
0.1347847
0.1490582
0.1659761
0.2528411
0.2398002
0.2757714
0.3482596
0.3524446
0.3166208
0.2447712
0.2243067
0.2598519
0.2231914
0.2302271
0.1480007
0.1566551
0.2348828
0.3014502
0.1778247
0.1713843
0.303255
0.3548912
0.3272211
0.2777332
0.2446595
0.1992117
0.1886273
0.2273084
0.2130359
0.2269223
0.2711953
0.2094502
0.2316878
0.2498935
0.2542221
0.2122039
0.212585
0.2163812
0.2127525
0.2932591
0.2536679
0.2742112
0.3137386
0.2498978
0.2400819
0.2742816
0.3119249
0.2875372
0.2874859
0.2542173
0.2453258
0.1776674
0.1842186
0.2061028
0.2829882
0.261215
0.3450779
0.3495271
0.2948893
0.2380073
0.1890014
0.2111175
0.1855678
0.1166203
0.2026081
0.235362
0.2600571
0.267164
0.1869529
0.2202242
0.2570073
0.2244252
0.2344811
0.234304
0.2074698
0.2128019
0.1799105
0.1509352
0.1679639
0.2981681
0.2968881
0.2545641
0.1833798
0.2460384
0.2410819
0.2276408
0.2388716
0.2530067
0.1953979
0.1406895
0.1897605
0.2097938
0.2689141
0.1909806
0.2514788
0.2471637
0.2420437
0.2327681
0.3077791
0.3423436
0.3337864
0.2583591
0.2522968
0.2776988
0.3214235
0.3051794
0.2734868
0.2711518
0.2935322
0.2980543
0.2984765
0.304371
0.2903008
0.3154598
0.2567077
0.2796222
0.2549469
0.2576914
0.1975358
0.1511368
0.1388705
0.1424944
0.1889525
0.2015845
0.1579155
0.1838235
0.1800726
0.1603947
0.252986
0.2034279
0.2295348
0.2298539
0.2176992
0.3147131
0.2683763
0.1993968
0.1748721
0.1260447
0.201689
0.1687566
0.08022286
0.1293364
0.1741828
0.2353937
0.266519
0.2799874
0.3218139
0.3418416
0.3857875
0.4405297
0.394694
0.335161
0.3345184
0.2589502
0.2114305
0.1932959
0.2115532
0.2438754
0.2158904
0.248209
0.2207606
0.2238326
0.2186609
0.2720164
0.2622233
0.2469379
0.2456125
0.2953242
0.2790161
0.3582616
0.3683847
0.4330264
0.3835263
0.3239676
0.2956695
0.3081287
0.2973894
0.4363527
0.3729891
0.2466569
0.1729366
0.1960857
0.1484452
0.1731432
0.078169
0.1454091
0.2008332
0.2672165
0.24942
0.2452408
0.2198011
0.2928524
0.2676496
0.2134041
0.2551422
0.2024629
0.2505947
0.2522395
0.1765311
0.2034636
0.2389582
0.1804161
0.2411009
0.1667248
0.1951454
0.3017575
0.3298058
0.3756305
0.3211599
0.2497529
0.2579209
0.3571499
0.2576168
0.1641895
0.1761918
0.1837804
0.317295
0.3279382
0.3741185
0.3752172
0.3510717
0.3021149
0.3480549
0.2865144
0.2400504
0.2482897
0.2069941
0.224918
0.2163652
0.2081116
0.2343725
0.259224
0.2353798
0.1699307
0.1694534
0.1565788
0.2222995
0.2176393
0.2485714
0.1915539
0.3055114
0.3046624
0.3054765
0.1966823
0.2343145
0.2328233
0.2810372
0.2495254
0.2531732
0.2707637
0.2528264
0.3574564
0.3769169
0.3084538
0.2514407
0.2688685
0.2258764
0.1664178
0.1845992
0.2002639
0.1956887
0.2430686
0.2612925
0.2819036
0.2118761
0.3566637
0.3210883
0.2954727
0.3442484
0.3277744
0.3173925
0.3341141
0.3185424
0.3072773
0.3149832
0.3151343
0.3020084
0.2763177
0.3103997
0.2315355
0.2326312
0.2319848
0.3095402
0.3126292
0.3146921
0.3410507
0.3850472
0.3661614
0.3413422
0.3218357
0.3328647
0.3393425
0.3861341
0.3790223
0.3361898
0.2970123
0.2994019
0.3442933
0.3760507
0.4219343
0.311951
0.3393539
0.3065075
0.3314062
0.312504
0.332053
0.2856092
0.2351662
0.2041568
0.1549365
0.1811566
0.1756024
0.1775624
0.2839392
0.2876342
0.3149522
0.3098484
0.339696
0.283267
0.2879956
0.3324583
0.2780448
0.2339982
0.2143086
0.2339908
0.2537996
0.08543395
0.1410603
0.1174533
0.1616671
0.1916671
0.1742875
0.130675
0.1515946
0.1936359
0.2434991
0.2559616
0.1795709
0.2659017
0.2766459
0.3008862
0.2514146
0.2106174
0.2157548
0.2256761
0.211076
0.2763139
0.2710759
0.2517867
0.2428449
0.3162258
0.2828577
0.2715012
0.3209076
0.3080431
0.2844208
0.2689934
0.2449078
0.2807141
0.2015234
0.1887028
0.1612948
0.1928589
0.205969
0.1030268
0.1279657
0.138796
0.1820597
0.234538
0.2936848
0.3853636
0.3940079
0.4158098
0.393702
0.4206505
0.3951978
0.4320823
0.4022487
0.3398872
0.3804724
0.4109817
0.316336
0.3362268
0.4103675
0.3412562
0.3674242
0.3608904
0.342675
0.3025036
0.3149759
0.2980077
0.3223982
0.2916691
0.3316088
0.3629099
0.3145446
0.2527056
0.3056968
0.2846745
0.2786234
0.2667538
0.2805642
0.2734463
0.2793129
0.3269632
0.3140622
0.341934
0.3411526
0.2785164
0.2786212
0.2622056
0.30316
0.2718508
0.273277
0.2449427
0.2579758
0.2095711
0.13358
0.1346216
0.1776314
0.1794322
0.2015399
0.2710439
0.2567672
0.3020722
0.2813534
0.3146707
0.3280644
0.2941165
0.2924566
0.3050543
0.3290977
0.3475719
0.405504
0.3776912
0.3449943
0.3087559
0.313779
0.2794179
0.2271558
0.1815468
0.1742462
0.2720831
0.2332509
0.231349
0.295765
0.3225649
0.3274004
0.2854389
0.2437405
0.2420338
0.2644064
0.2453345
0.244723
0.2390283
0.1988361
0.2600158
0.2365053
0.2725759
0.1759324
0.201237
0.1898342
0.2734844
0.3066103
0.3797675
0.2767114
0.1823291
0.1731127
0.2372576
0.2806057
0.2001384
0.1598316
0.2122456
0.1825446
0.2026582
0.1603757
0.1543677
0.2042254
0.2051446
0.2201846
0.2615789
0.2782762
0.2691712
0.3010945
0.3246606
0.2772048
0.1997565
0.1979388
0.2360588
0.2456891
0.2355313
0.2779981
0.2500694
0.2207789
0.1677033
0.1982527
0.3014216
0.3159391
0.3234554
0.3665663
0.3717618
0.3577173
0.3889462
0.3671666
0.2398404
0.1712217
0.2813295
0.2601705
0.2906249
0.3362118
0.3494694
0.3577985
0.364108
0.2449788
0.2178713
0.2183154
0.1408921
0.2065602
0.2746301
0.2669298
0.259729
0.2940373
0.3087246
0.3401791
0.358546
0.4141529
0.4135324
0.3480556
0.2441694
0.2617717
0.2713558
0.2983954
0.3267353
0.3839801
0.340186
0.279373
0.1852457
0.2395045
0.2369989
0.2213204
0.1634495
0.2419407
0.2455337
0.2639875
0.2370576
0.2469853
0.2412518
0.2886511
0.3022144
0.3073819
0.3234547
0.2002139
0.236204
0.2838598
0.265679
0.2715664
0.3580634
0.3661151
0.2169936
0.2985509
0.2495017
0.2181579
0.2167041
0.3001208
0.2798427
0.2127761
0.2573953
0.1569073
0.289285
0.2741219
0.1762787
0.1692135
0.1109137
0.1878369
0.2393319
0.2768198
0.2490936
0.2254852
0.2176735
0.2288253
0.2154233
0.1750642
0.2195804
0.3314342
0.3594907
0.2771901
0.2933467
0.2647997
0.3471295
0.3304663
0.3047579
0.3431365
0.2994466
0.3284837
0.3111359
0.1773066
0.1785871
0.2806975
0.3124617
0.3989566
0.4393883
0.4563801
0.4921789
0.4577746
0.3962311
0.3442377
0.284378
0.2800578
0.1845101
0.2398728
0.2019193
0.2286107
0.3116812
0.2566753
0.2252043
0.2009935
0.2281545
0.1483399
0.07137906
0.08983754
0.08688111
0.1424806
0.3026992
0.2151162
0.228938
0.3013449
0.2770198
0.3111449
0.2399916
0.2052844
0.1506282
0.2248293
0.13467
0.1575193
0.2194709
0.2730766
0.3036777
0.2776784
0.2524708
0.2751361
0.2549426
0.2748115
0.2613864
0.2417428
0.2605136
0.2793509
0.3216942
0.2728291
0.2779041
0.3536884
0.3305549
0.3140486
0.334303
0.3149743
0.2925865
0.3145214
0.1946583
0.2605008
0.2465912
0.2941979
0.2093802
0.2024742
0.2254129
0.2239447
0.2205827
0.2077625
0.2067007
0.2728751
0.2448616
0.2819353
0.2263858
0.2426076
0.1946755
0.2391019
0.2232749
0.2879372
0.1855403
0.2117624
0.1733473
0.2720184
0.2758897
0.2427042
0.2976996
0.3001396
0.2693407
0.2229334
0.1997856
0.2459614
0.2868016
0.2736049
0.2527877
0.2323222
0.2760549
0.2702428
0.1876898
0.1961068
0.2177166
0.2564777
0.2339012
0.2449688
0.2854568
0.291927
0.3194094
0.2565978
0.1542172
0.1785396
0.1437424
0.2261951
0.2827137
0.2555608
0.285116
0.1920888
0.3055793
0.3407606
0.2995221
0.2087993
0.1965353
0.2251087
0.2282843
0.2320129
0.2394418
0.2317378
0.2509401
0.2667439
0.2883745
0.2833368
0.3482177
0.3118391
0.341186
0.313895
0.3480437
0.2604463
0.2031564
0.135809
0.1489107
0.1777848
0.2333878
0.2437575
0.2416851
0.294695
0.2482304
0.1937477
0.1822374
0.1338872
0.1994218
0.2811254
0.2461185
0.215672
0.2036447
0.1369853
0.1599559
0.1448482
0.1715296
0.2206666
0.2414446
0.2432328
0.2180299
0.1580058
0.2477016
0.2078928
0.2161543
0.1824391
0.2187423
0.2018039
0.2367973
0.2023791
0.254998
0.3033991
0.3582476
0.3475299
0.3272496
0.2750736
0.2463591
0.2452301
0.2419833
0.2489173
0.2304589
0.2370239
0.2320853
0.2382061
0.2317872
0.2258987
0.1882645
0.2408748
0.3557087
0.299871
0.2041898
0.1936534
0.124985
0.1140411
0.2143829
0.21726
0.1667624
0.2021124
0.1744085
0.1521818
0.1359604
0.1526684
0.1463724
0.2032203
0.205065
0.3284551
0.2668255
0.195544
0.2314709
0.2887542
0.2934408
0.3406137
0.2473962
0.3002255
0.2134918
0.3305902
0.3572687
0.3744797
0.3679177
0.3514485
0.2892193
0.3217856
0.3196242
0.3353383
0.2971155
0.2982736
0.2575867
0.2448401
0.2026758
0.2019379
0.1798379
0.2499179
0.2580801
0.2550312
0.1891761
0.2597429
0.2361339
0.1527634
0.0996102
0.1032257
0.1242766
0.1953821
0.2672379
0.2680485
0.2205693
0.17208
0.1630218
0.1242421
0.129305
0.1542452
0.272313
0.2824943
0.270262
0.2685963
0.2269602
0.2302643
0.2120794
0.2395118
0.2243178
0.2033047
0.2885465
0.3111299
0.3057022
0.3303338
0.3666267
0.4042394
0.323723
0.3154793
0.3137797
0.3799143
0.3159962
0.2646985
0.3017161
0.2739269
0.2947502
0.3701624
0.3359294
0.279099
0.3285258
0.2670566
0.2494382
0.2717676
0.2875061
0.2765356
0.2688337
0.2935943
0.305675
0.2941023
0.2979016
0.200187
0.2570084
0.2267414
0.1974282
0.1910823
0.1361332
0.1786651
0.285223
0.2821853
0.233587
0.2636069
0.2270369
0.2585792
0.2011543
0.1299018
0.1760158
0.2387657
0.2109481
0.2205696
0.2124027
0.1910478
0.2086531
0.2093001
0.200878
0.2274649
0.2699391
0.2069658
0.1432911
0.1298473
0.1644104
0.1820441
0.2602846
0.2416899
0.2107803
0.2178483
0.2206281
0.1568611
0.2593873
0.2392378
0.2902258
0.1817913
0.1770756
0.2309618
0.1853664
0.2066661
0.2897792
0.363845
0.3772619
0.4286038
0.4049337
0.3379277
0.2507145
0.3007032
0.305901
0.2595628
0.2931307
0.3099649
0.3177156
0.41901
0.3915166
0.3775824
0.3547872
0.3397259
0.2730581
0.313266
0.3012834
0.3366969
0.3955126
0.445368
0.4280409
0.4678993
0.3971372
0.3370929
0.3558729
0.3760042
0.2927549
0.2043406
0.2232291
0.2676505
0.3321956
0.3166852
0.2954871
0.3159667
0.3102029
0.3603381
0.3344107
0.2294749
0.2374143
0.1816596
0.1843144
0.2000221
0.2001523
0.1809598
0.2399464
0.2675086
0.2168766
0.2193272
0.152981
0.2997015
0.2334393
0.2706267
0.2209334
0.2345464
0.2468358
0.2424702
0.1744496
0.2177148
0.2468001
0.238372
0.2120305
0.2645299
0.2493864
0.2840817
0.261306
0.3121999
0.3613626
0.3459114
0.3007017
0.2863061
0.3069957
0.2865799
0.2512202
0.2301542
0.2115311
0.2673543
0.2839754
0.2651294
0.2988793
0.1967694
0.193258
0.1800351
0.1765666
0.2245167
0.2426598
0.2638922
0.2694925
0.2770588
0.2227546
0.255942
0.3017096
0.3015866
0.3403249
0.3212338
0.3722338
0.3236895
0.2904161
0.2254711
0.246054
0.2936843
0.2993984
0.1870619
0.2232778
0.2595719
0.2768111
0.2903038
0.2463306
0.2383748
0.1827894
0.2498936
0.3148038
0.2449178
0.2031571
0.2148976
0.2263778
0.2386734
0.2963277
0.2919795
0.2770673
0.3338799
0.3138211
0.3338896
0.2448529
0.1939992
0.147328
0.1378307
0.1244917
0.157453
0.2458591
0.2492498
0.2276818
0.2563504
0.2532419
0.1769656
0.1934266
0.1702869
0.2105778
0.2411071
0.1631624
0.170582
0.2038713
0.1644366
0.2585443
0.2466759
0.2115182
0.2069146
0.1620313
0.2931486
0.2821813
0.2850022
0.2968722
0.2965176
0.2717069
0.3087207
0.4502136
0.3937551
0.3957575
0.3427112
0.2329205
0.2290838
0.2248282
0.2528071
0.1976037
0.2164558
0.2364686
0.289642
0.2360926
0.2474959
0.2029751
0.1950051
0.1995288
0.2132103
0.2263347
0.2783179
0.3444066
0.3199414
0.3028674
0.3694306
0.3949844
0.3169033
0.334138
0.3321476
0.295683
0.2935052
0.2716286
0.2088211
0.2287499
0.3005612
0.3230999
0.316191
0.3284831
0.3571769
0.3850822
0.3140519
0.2829629
0.2799077
0.2790675
0.2664862
0.2460724
0.2634772
0.2226911
0.2342576
0.2350667
0.2654417
0.2296815
0.2670829
0.1824915
0.2282806
0.2182327
0.2734708
0.2578004
0.2113073
0.2640264
0.2826566
0.2399771
0.1604002
0.1336915
0.1719538
0.2114114
0.1447095
0.2152006
0.1359147
0.1909666
0.1722988
0.1833424
0.1823151
0.1301214
0.1648741
0.2880182
0.2882411
0.295508
0.2415734
0.1766316
0.1904362
0.2581895
0.1740648
0.1726368
0.2265913
0.3120866
0.2689193
0.2445829
0.305535
0.308265
0.3426308
0.3071445
0.3105523
0.3177646
0.3038651
0.236939
0.1619836
0.2256434
0.171682
0.2010619
0.2359019
0.206247
0.2172635
0.2018648
0.1650958
0.1701392
0.08950182
0.1226667
0.07500325
0.07134074
0.1781201
0.2232673
0.2826114
0.2048318
0.1339187
0.1876791
0.3187365
0.2846746
0.3280131
0.3109192
0.342966
0.32272
0.305783
0.2458095
0.311552
0.2770475
0.2993327
0.2918831
0.2811276
0.311146
0.2700673
0.2625057
0.1610359
0.1831466
0.2184511
0.2330771
0.2859403
0.294285
0.3349912
0.3397911
0.3268894
0.1911814
0.2355237
0.2635634
0.1982047
0.2431193
0.2446924
0.2407908
0.2393536
0.2863933
0.243016
0.2881349
0.262117
0.2451297
0.1593668
0.1858175
0.1830974
0.195155
0.1695331
0.1468762
0.1698919
0.237837
0.1957696
0.151274
0.1530824
0.1347074
0.142714
0.1956388
0.1802217
0.1947867
0.1789339
0.2108789
0.2429249
0.2469988
0.2546167
0.2733801
0.2902301
0.2287452
0.2984626
0.2959882
0.3378039
0.3389724
0.3587944
0.3336378
0.3194284
0.3276028
0.2853913
0.2277796
0.1973572
0.1800191
0.1988242
0.2140043
0.2327656
0.2317916
0.2214088
0.2415932
0.2703707
0.3222055
0.3161663
0.3026877
0.2758735
0.2918303
0.2317789
0.2445236
0.2130036
0.1931437
0.2337109
0.2816962
0.3766007
0.3627891
0.3055337
0.2598642
0.2568497
0.312107
0.3060262
0.3307929
0.2872623
0.2822432
0.2632205
0.290803
0.2867052
0.2976496
0.262663
0.1851489
0.2274868
0.2510563
0.3153574
0.3434932
0.2849373
0.2627171
0.2228353
0.2305003
0.1621283
0.1940436
0.2788622
0.2488908
0.1881789
0.187964
0.2514603
0.2231002
0.1687765
0.2148863
0.2173262
0.2984721
0.2878162
0.3406096
0.3160888
0.377219
0.3538524
0.3134893
0.2873548
0.2469138
0.2572747
0.296249
0.2408627
0.1995065
0.2433285
0.3591684
0.3780473
0.3886123
0.3742305
0.3572272
0.324145
0.2546548
0.141149
0.2244129
0.2085639
0.2703048
0.2818878
0.2815115
0.2792781
0.2242028
0.2262718
0.2029319
0.2108622
0.279068
0.301416
0.2593474
0.2594501
0.2064816
0.2403894
0.2144173
0.2538964
0.2931851
0.2677702
0.2954187
0.2337063
0.2154258
0.2595182
0.2885332
0.2226888
0.2391231
0.2595527
0.2738154
0.2392904
0.2809609
0.317429
0.2136938
0.233488
0.2309273
0.2954083
0.2651324
0.2910204
0.2384719
0.1953351
0.2190182
0.2052761
0.2492492
0.2410344
0.2505899
0.2570755
0.2240978
0.2582388
0.2504881
0.2350909
0.1847075
0.222615
0.2378293
0.1802751
0.1166235
0.1882757
0.2309783
0.260963
0.2443509
0.2931029
0.2886949
0.2786957
0.2510257
0.2112666
0.2027557
0.231706
0.2431805
0.1974532
0.2455066
0.2800663
0.2894532
0.2600255
0.2348831
0.2480401
0.2441645
0.244647
0.2317976
0.1717875
0.1721778
0.1725848
0.2296485
0.1896557
0.2771755
0.321533
0.3002155
0.3601185
0.3230354
0.3614739
0.2476771
0.3225249
0.3024194
0.2428804
0.2556601
0.2855882
0.2284358
0.2759422
0.2577774
0.3387651
0.341302
0.3133896
0.3362905
0.2799802
0.219757
0.2712883
0.2713746
0.2130685
0.1982379
0.2363083
0.2668529
0.2650642
0.3203701
0.3183057
0.3160796
0.2472285
0.3320511
0.2819493
0.3243831
0.2928158
0.396744
0.3907546
0.3777018
0.3140727
0.2827836
0.2919383
0.1939071
0.2124556
0.1625627
0.2626245
0.2559918
0.2806202
0.2674534
0.2117079
0.1290483
0.1386483
0.1258759
0.21373
0.2494446
0.2140525
0.2178829
0.2526965
0.3310328
0.327943
0.3021899
0.3090508
0.3130185
0.3041496
0.3045193
0.2195551
0.2037318
0.1312855
0.1656157
0.1681368
0.2070813
0.2701198
0.1872785
0.2618474
0.2648355
0.3024234
0.3654337
0.3240081
0.3468377
0.2585341
0.2557851
0.1423303
0.1668927
0.2044651
0.1597176
0.2375034
0.2522262
0.2225917
0.1621491
0.2376722
0.2430528
0.1980815
0.1752805
0.1553919
0.1893608
0.1788227
0.2093737
0.2657523
0.310777
0.3681645
0.3066005
0.2715894
0.2853196
0.2213963
0.2255792
0.2112872
0.1812443
0.2277679
0.2963018
0.3364599
0.264826
0.2797256
0.2821394
0.3212509
0.324984
0.3130699
0.3287148
0.290474
0.3238748
0.2769389
0.3091106
0.3470094
0.3300856
0.2335158
0.2407406
0.2277139
0.1758173
0.1618794
0.2373867
0.2796839
0.2056474
0.2887992
0.3415641
0.3299357
0.3585014
0.3129777
0.3501078
0.330475
0.225836
0.2092064
0.2937071
0.2496549
0.3429408
0.2928575
0.295439
0.3152492
0.2934953
0.3128457
0.3219333
0.2989017
0.2820278
0.2458007
0.2903149
0.3022262
0.2923245
0.2476994
0.2525521
0.2003972
0.2593726
0.3101609
0.3060629
0.3452704
0.2645186
0.2586526
0.1856531
0.1990352
0.2039088
0.2197724
0.2653748
0.3137422
0.312479
0.2859763
0.3039632
0.2900649
0.2958799
0.2804548
0.2522843
0.304547
0.3244618
0.372997
0.3213162
0.3655965
0.2885777
0.2629018
0.2402625
0.2629055
0.3370819
0.3097268
0.333702
0.4393424
0.3926756
0.3927055
0.2735024
0.2958936
0.3022382
0.2585056
0.2641238
0.2973269
0.3752352
0.3450397
0.3610839
0.2317893
0.2985326
0.2911658
0.2812787
0.3011359
0.259971
0.2818348
0.3064815
0.2961914
0.2872643
0.2613453
0.254091
0.2437144
0.2166494
0.2303136
0.2042606
0.2223473
0.2289292
0.2590753
0.2743074
0.2417626
0.258648
0.2910301
0.2855732
0.2518715
0.2141709
0.2135602
0.2388641
0.2246975
0.2038445
0.183664
0.1787726
0.185748
0.237813
0.2129305
0.2600808
0.3328011
0.3879973
0.3251622
0.3113114
0.2213085
0.2200059
0.2280278
0.2454632
0.2625257
0.2735048
0.320162
0.3095139
0.3180168
0.2820423
0.3303389
0.2202013
0.1749662
0.2903353
0.3165559
0.3203974
0.2849553
0.2693905
0.2833407
0.2877249
0.2652847
0.22874
0.2501204
0.2636762
0.2873017
0.2896054
0.2615003
0.3074065
0.2044954
0.1615703
0.1538365
0.1206659
0.1754876
0.1805895
0.1565162
0.1855184
0.2264076
0.2445305
0.1787766
0.1649497
0.1336574
0.2542846
0.1674049
0.2069409
0.2469462
0.3113521
0.3359203
0.324501
0.3259485
0.3526068
0.383006
0.3043262
0.2122446
0.1777666
0.2365674
0.1803807
0.1846659
0.1436809
0.1993966
0.2266532
0.2748626
0.289716
0.3370908
0.3365333
0.3121592
0.2978004
0.270685
0.2448769
0.2095773
0.2219129
0.170271
0.1884375
0.3295708
0.2817865
0.2788817
0.3389831
0.311281
0.3116735
0.3039886
0.2699905
0.2291972
0.1405429
0.1554349
0.1874448
0.2455844
0.2926168
0.2352534
0.2245444
0.157842
0.2744114
0.1693711
0.21743
0.2224078
0.2665557
0.2228836
0.27288
0.2797904
0.2578051
0.260728
0.2625164
0.15001
0.1581452
0.2636236
0.2807086
0.3213135
0.2337331
0.1571273
0.1595465
0.1827561
0.1422218
0.2371018
0.2581419
0.3447296
0.3295929
0.2916733
0.2333824
0.2091382
0.1818252
0.1819854
0.1784185
0.1862161
0.1700213
0.1768457
0.2449475
0.1958643
0.2228488
0.2429557
0.2859876
0.3016426
0.286067
0.27166
0.1642457
0.03516763
0.1119902
0.1759172
0.2216725
0.1861127
0.2991255
0.2385187
0.221612
0.2327367
0.2271812
0.2328724
0.2396805
0.1370379
0.09943528
0.1264412
0.1812136
0.117882
0.1709468
0.2484349
0.2367912
0.2296224
0.2329483
0.2771794
0.2318312
0.2221863
0.2066717
0.1893658
0.2043867
0.311047
0.3541069
0.2412189
0.2200237
0.1992259
0.3022274
0.2882875
0.2949129
0.269232
0.2830936
0.2478022
0.2799327
0.2782271
0.2846272
0.2792263
0.3533155
0.314574
0.2628747
0.2881931
0.261357
0.2969327
0.3316349
0.3784621
0.4450256
0.4558808
0.4559178
0.4883638
0.4535104
0.4007848
0.4126959
0.3088435
0.3426978
0.3438233
0.3286312
0.3493286
0.3552414
0.3424715
0.3666644
0.3368492
0.2920069
0.3088301
0.2758917
0.2572375
0.2690226
0.2701113
0.3358161
0.3221283
0.2448364
0.2539886
0.2585032
0.2689572
0.2808351
0.2337288
0.1651509
0.1562122
0.1158585
0.1508622
0.240784
0.2384991
0.3101641
0.3388464
0.3166612
0.2953825
0.2238811
0.1480088
0.186375
0.2473518
0.2600123
0.2752818
0.276658
0.2797084
0.3072179
0.3455428
0.3340836
0.3369118
0.2999295
0.3192027
0.2617799
0.2723484
0.2089885
0.1970636
0.212384
0.1947273
0.225002
0.2400563
0.2022428
0.2326419
0.3121733
0.2664406
0.2592851
0.2275756
0.2616801
0.2270635
0.2241677
0.1472794
0.1465718
0.1370798
0.1950321
0.2242581
0.2525155
0.2238819
0.2807751
0.3054659
0.2969939
0.2773797
0.2270876
0.2618738
0.2105705
0.1871647
0.1625848
0.2011888
0.2676464
0.2698948
0.1998556
0.2399483
0.2348119
0.2081303
0.1601723
0.1229407
0.2235188
0.1854556
0.1684111
0.2324764
0.2413707
0.2503408
0.2461591
0.1951767
0.1448413
0.2369567
0.1875834
0.2197985
0.2637743
0.3091819
0.2410065
0.2627014
0.3225758
0.3601515
0.3101299
0.2824083
0.2248412
0.3191719
0.3657346
0.3272186
0.3406006
0.3931429
0.4015674
0.397443
0.3771417
0.2801603
0.3228167
0.2455322
0.1947534
0.2437087
0.2312047
0.2519139
0.3002985
0.3310311
0.3066073
0.3365181
0.2985988
0.3248651
0.2390453
0.2764245
0.1930339
0.227798
0.2565043
0.1955679
0.1917114
0.1699458
0.1796234
0.2766079
0.2592337
0.2720081
0.2805495
0.2524022
0.2491172
0.2559856
0.2396887
0.2219094
0.2614869
0.2363132
0.2449408
0.2985654
0.2656043
0.3416505
0.3568327
0.2936289
0.2575949
0.2695874
0.3028568
0.2836726
0.3133823
0.2980117
0.2634344
0.2413034
0.2943103
0.2562873
0.2286195
0.2653339
0.3221181
0.3886165
0.3042343
0.219929
0.3001809
0.2279975
0.2854927
0.1906047
0.1700017
0.1788234
0.2086819
0.1628612
0.2132545
0.2039984
0.1373144
0.09585799
0.1134333
0.1158165
0.2122768
0.2611449
0.2725163
0.2214954
0.252237
0.322477
0.3257138
0.2630727
0.323092
0.276102
0.2218746
0.2558104
0.256044
0.2496563
0.2638567
0.2370678
0.1987256
0.2674208
0.2294945
0.3149124
0.3056385
0.203837
0.2574436
0.2191728
0.2218561
0.2108052
0.2623574
0.2986105
0.2834232
0.2479772
0.2414542
0.2286092
0.1479451
0.2201178
0.236235
0.2789159
0.2039297
0.2244808
0.2354686
0.2494001
0.2554176
0.2411629
0.2094109
0.2731275
0.2617368
0.2559483
0.2474109
0.2804413
0.2880881
0.2436307
0.261822
0.2787957
0.2335033
0.2395936
0.3518504
0.3377384
0.3530296
0.3402963
0.3165617
0.3059714
0.2973043
0.2874353
0.2690815
0.2787049
0.263028
0.2487071
0.2904701
0.2583876
0.270339
0.3868074
0.2652835
0.2769932
0.3013195
0.2854097
0.2435001
0.2742716
0.3772176
0.4138424
0.3428804
0.3168599
0.3447788
0.3302037
0.3021082
0.2720137
0.2644901
0.320872
0.2894966
0.3123431
0.3001573
0.2554832
0.2673068
0.2738601
0.2586674
0.3021385
0.3916597
0.3603216
0.276291
0.2236109
0.2136655
0.210707
0.1974772
0.1694621
0.2356452
0.1886587
0.1369722
0.1527055
0.1624597
0.2197012
0.1744524
0.2825826
0.3029753
0.3002203
0.2448741
0.2397186
0.3118814
0.2921151
0.30485
0.3401515
0.3927485
0.5470609
0.5616716
0.5681873
0.4157366
0.3145082
0.2933514
0.2703303
0.3150541
0.2538406
0.2479491
0.2179399
0.2466107
0.1471845
0.1681418
0.2076063
0.2611466
0.2476279
0.3262239
0.2577309
0.2602747
0.2699168
0.3013716
0.258376
0.282038
0.3251172
0.3393401
0.3101835
0.2387716
0.1901035
0.2301963
0.2155045
0.1899569
0.2897273
0.2642905
0.2706184
0.2491748
0.2383208
0.2386531
0.2667597
0.2736897
0.3389731
0.3490753
0.2854821
0.2751917
0.2986659
0.2878829
0.3170933
0.3721699
0.3321785
0.3079269
0.3357188
0.2881718
0.2994489
0.3191247
0.2834455
0.2382435
0.2562431
0.2928133
0.2485246
0.2296187
0.2454733
0.1999611
0.1961908
0.1593177
0.2552798
0.2646145
0.3058297
0.2801203
0.2642027
0.2517407
0.2209399
0.2095059
0.2486454
0.2678647
0.2062858
0.2101506
0.3187088
0.3174821
0.3789062
0.3724861
0.3851222
0.388862
0.3891679
0.329872
0.2934477
0.2983188
0.3045398
0.2592636
0.2841541
0.2753917
0.3199275
0.2946108
0.3217478
0.2872286
0.243046
0.2356593
0.2671929
0.1935002
0.1846155
0.1853205
0.2294747
0.2625976
0.2765629
0.3999075
0.3641767
0.3773718
0.3947574
0.3619307
0.366995
0.3359011
0.3399196
0.3247418
0.2930029
0.3182414
0.2790775
0.2731288
0.2531487
0.2388826
0.2427206
0.2116148
0.3131304
0.3965699
0.2762671
0.2240352
0.1964088
0.2207502
0.2125903
0.1702252
0.1465693
0.2245358
0.2559947
0.2449746
0.236876
0.1841003
0.1680307
0.2772763
0.2911824
0.2604549
0.2241478
0.201002
0.1682255
0.1205008
0.1723236
0.2703549
0.2487159
0.1848549
0.2667732
0.2734272
0.3830849
0.3194775
0.2601322
0.2785932
0.3332057
0.3256053
0.3319931
0.228081
0.1845236
0.2321065
0.1940574
0.1810905
0.2526888
0.2709082
0.2909916
0.2225875
0.3235908
0.26998
0.2779595
0.3008777
0.1941212
0.2568308
0.2240099
0.2152429
0.2145176
0.1944062
0.2065413
0.2256705
0.1679675
0.2065443
0.1893248
0.1571012
0.1732733
0.2152056
0.2165641
0.2682396
0.2559038
0.280283
0.3099124
0.2267057
0.2283614
0.3670866
0.3494892
0.3764387
0.2772553
0.2738124
0.259025
0.3173006
0.2619242
0.3017694
0.3054215
0.2154816
0.1682971
0.2398841
0.1254454
0.1533029
0.1722068
0.1813452
0.1199487
0.2495418
0.2954091
0.2214661
0.3474943
0.3459927
0.2903299
0.2974521
0.269656
0.26671
0.279256
0.2493881
0.3404359
0.31231
0.3074692
0.2632384
0.3115991
0.2946108
0.3290106
0.3128272
0.3130312
0.3511141
0.3318381
0.2790232
0.2361558
0.2098425
0.1971629
0.2312287
0.2324064
0.2546595
0.2749774
0.3558653
0.3598935
0.268922
0.2596344
0.3180314
0.2608058
0.2657623
0.2647596
0.1635572
0.2984559
0.2888068
0.2764304
0.3875301
0.370865
0.4044714
0.2989277
0.2748353
0.2625226
0.1746661
0.07083446
0.1568857
0.1901792
0.198878
0.2063437
0.2080859
0.2250223
0.2457766
0.2033761
0.3027374
0.2217
0.2936742
0.1991596
0.2036544
0.1850775
0.1773654
0.22746
0.3461094
0.2401699
0.2650034
0.2670446
0.2316683
0.2531
0.2313538
0.2459904
0.2136081
0.2428411
0.3295656
0.355605
0.3448709
0.3591053
0.3394542
0.3170785
0.3158296
0.2560215
0.2980332
0.2354426
0.20233
0.2526088
0.2694881
0.2697757
0.251164
0.2551828
0.2657905
0.2342966
0.2511818
0.2758774
0.3106146
0.3180961
0.2898875
0.2798685
0.2795357
0.2577549
0.2480126
0.3124484
0.3590856
0.3483445
0.3067953
0.272865
0.2414843
0.2522889
0.278038
0.2516732
0.2528649
0.2134276
0.2271726
0.2423768
0.1984726
0.1389706
0.2056134
0.1632995
0.2575668
0.2761406
0.3507168
0.2565768
0.3001003
0.3271896
0.3260189
0.3132321
0.324233
0.2609093
0.1895596
0.1812377
0.1874411
0.1898459
0.2255422
0.3168155
0.3649834
0.2780705
0.322487
0.251766
0.2689281
0.2286309
0.2527074
0.2492012
0.3581057
0.3820803
0.3482177
0.3223303
0.344378
0.3596391
0.2741653
0.2986271
0.3090112
0.3100927
0.286034
0.263492
0.2521694
0.1906814
0.210836
0.2233564
0.2320381
0.2780902
0.2733683
0.2477153
0.204868
0.210445
0.2909689
0.3057395
0.3614453
0.3486557
0.3573292
0.3259664
0.3101989
0.2633881
0.2868314
0.2323198
0.1949835
0.1613745
0.1963481
0.2378883
0.2454676
0.2265107
0.2641221
0.3259163
0.3076314
0.321219
0.3239486
0.3765104
0.394843
0.4349327
0.3791249
0.3270798
0.3352182
0.2248399
0.1215771
0.1027959
0.194548
0.174611
0.08557925
0.07773881
0.1613872
0.1939671
0.3102059
0.3281533
0.3625243
0.2912045
0.2463003
0.2123468
0.2143626
0.2428959
0.2657776
0.2956594
0.332417
0.2869815
0.2958323
0.327135
0.3015284
0.2450274
0.1675419
0.1822511
0.2638999
0.2311751
0.1787214
0.1984428
0.2348825
0.1493579
0.2186958
0.2447634
0.1845128
0.1583337
0.2013039
0.2337695
0.2555889
0.2796215
0.2842518
0.3278362
0.321692
0.3043051
0.338457
0.3589294
0.3031892
0.3114875
0.3278877
0.253749
0.2802187
0.3383013
0.276144
0.302662
0.3089737
0.2729417
0.2344949
0.3518575
0.4053688
0.3466812
0.2126774
0.2770067
0.368812
0.3826063
0.3952144
0.3482834
0.2554916
0.185915
0.2280378
0.3037126
0.2618839
0.2721325
0.2893138
0.2535383
0.2322398
0.1642641
0.189477
0.2558669
0.2680924
0.3093191
0.3629167
0.3367707
0.307799
0.3036282
0.3387331
0.3023344
0.3123775
0.3013886
0.3081545
0.3080481
0.2649952
0.2677337
0.2789824
0.2782058
0.2507955
0.2553447
0.1559234
0.1933725
0.2272468
0.3680524
0.3364664
0.3805837
0.4031247
0.315142
0.3164735
0.2381676
0.3028604
0.2630899
0.2270669
0.1978034
0.1986349
0.2279849
0.2425784
0.2909227
0.3053484
0.3207161
0.3409466
0.2820435
0.3124335
0.39845
0.3824094
0.3739368
0.3406074
0.322352
0.3169415
0.304837
0.1491941
0.1455251
0.1413086
0.2011669
0.1452597
0.2504428
0.2971578
0.2230488
0.2829391
0.3084149
0.3247582
0.2364001
0.2946609
0.192258
0.2484458
0.2411502
0.2891838
0.3386018
0.3435925
0.3174374
0.2721044
0.319048
0.2809665
0.279729
0.2500187
0.320259
0.2629477
0.2076531
0.2240397
0.1954107
0.1855449
0.1950364
0.2588743
0.2447361
0.2210743
0.1681638
0.16783
0.1761368
0.1742558
0.2141233
0.2197478
0.2322478
0.2666228
0.2465524
0.2994613
0.346837
0.33059
0.2432397
0.2019419
0.1597061
0.1770932
0.2338638
0.1681958
0.1185445
0.2156985
0.2244286
0.2606055
0.2174439
0.3065757
0.3377922
0.2679004
0.2726103
0.1907871
0.2187982
0.243798
0.1668366
0.1621955
0.2347121
0.257488
0.2955604
0.2245577
0.2013849
0.1526577
0.1802519
0.1805956
0.2540208
0.306239
0.2591396
0.2699304
0.2728971
0.2793876
0.2424609
0.3342916
0.2166856
0.2110664
0.2076868
0.2698677
0.3767864
0.2866235
0.2423697
0.2786465
0.291026
0.2417445
0.2375516
0.2094197
0.2387557
0.2882622
0.2781204
0.1766753
0.2040856
0.2318477
0.2182253
0.254701
0.269496
0.2885178
0.2920189
0.2828941
0.2744927
0.2077281
0.2042326
0.2388422
0.2610556
0.3259008
0.1802891
0.1023474
0.1632658
0.2202192
0.1667653
0.1812427
0.2329087
0.203799
0.1769004
0.2928688
0.2602296
0.2990719
0.3637507
0.2539964
0.2852357
0.2824915
0.2580983
0.2935886
0.2693607
0.2683296
0.319581
0.3715033
0.3250282
0.2395934
0.1868745
0.222012
0.3373388
0.3652632
0.4030621
0.4643492
0.4848447
0.3553466
0.3579602
0.2621462
0.1936378
0.2479484
0.2013147
0.2131805
0.2222485
0.1940944
0.2516887
0.269727
0.276934
0.3172077
0.282408
0.2821
0.3177704
0.2773553
0.2901934
0.3238221
0.2387673
0.2477136
0.2052496
0.1940278
0.1996016
0.2030997
0.1580107
0.1837391
0.2739694
0.2775425
0.2497982
0.3049166
0.3390416
0.3398166
0.2926348
0.1430225
0.1540947
0.1340976
0.1158205
0.1212596
0.1786032
0.2052688
0.1818625
0.2141286
0.263453
0.3014354
0.386768
0.2963755
0.2571744
0.2034689
0.2979598
0.2073494
0.2653539
0.2618091
0.225573
0.3151764
0.2539046
0.2558742
0.2048673
0.2324911
0.147701
0.2288127
0.274692
0.2719041
0.2139016
0.2319506
0.2283565
0.2116149
0.2653672
0.2947347
0.3016854
0.263101
0.2877943
0.2286488
0.2144221
0.1660375
0.2306361
0.332593
0.2845241
0.2121654
0.1922306
0.2250869
0.1838655
0.1816319
0.1802513
0.1819761
0.1911148
0.2488621
0.2981261
0.2615724
0.2706594
0.2845402
0.2762466
0.2720443
0.2390223
0.1665137
0.2071605
0.1919131
0.1497576
0.2267434
0.2534422
0.3241863
0.2985166
0.2481375
0.1593466
0.205561
0.2544307
0.2944179
0.258029
0.2936342
0.2305117
0.2093808
0.1119184
0.1572416
0.2025376
0.2406917
0.289503
0.2271451
0.2299529
0.2741753
0.3804392
0.3291509
0.4041816
0.3752999
0.3308771
0.2793426
0.1796435
0.1628206
0.2334008
0.1811995
0.2212864
0.2259695
0.2551227
0.1918317
0.1836812
0.1084065
0.1861806
0.2262127
0.2713849
0.2589172
0.3070583
0.3709263
0.3934071
0.3614336
0.3508026
0.3201784
0.3720547
0.362044
0.2908997
0.2031308
0.2079554
0.1705293
0.2374303
0.2515846
0.2392788
0.2645932
0.3411962
0.2707796
0.2005518
0.2166689
0.2020127
0.2365195
0.2898661
0.4221223
0.3567128
0.3821961
0.3452579
0.3243608
0.3330087
0.3298174
0.3072659
0.2482224
0.2823687
0.2608992
0.2792843
0.3179611
0.3646892
0.362327
0.3654794
0.2763048
0.2436463
0.370754
0.2058081
0.1911349
0.1111371
0.1539011
0.2141891
0.2348121
0.1837799
0.1578256
0.2419436
0.277615
0.312567
0.3323027
0.3633745
0.4268204
0.3188606
0.2395224
0.2307948
0.3111743
0.2920277
0.3003454
0.3137392
0.2781254
0.2974414
0.3049777
0.2826742
0.2672786
0.2714567
0.231137
0.2078886
0.2710676
0.3138508
0.3047029
0.3951175
0.3705523
0.3260815
0.3608025
0.2725327
0.2564295
0.2369407
0.264784
0.281211
0.3011853
0.2646951
0.2607138
0.3136883
0.264494
0.2425321
0.2629059
0.2213075
0.2173529
0.2309466
0.2363359
0.2843492
0.2383868
0.2196892
0.2397221
0.2356016
0.2296588
0.134007
0.1237043
0.1763535
0.1564928
0.1499126
0.1621276
0.2265405
0.2055985
0.2646768
0.2588471
0.3150555
0.2902232
0.2290158
0.1980928
0.1750424
0.1838868
0.1401222
0.1528915
0.1500185
0.1451913
0.1790046
0.2384537
0.1776989
0.1867255
0.1792657
0.1575854
0.1374863
0.2579508
0.3090525
0.3011431
0.2588385
0.2144704
0.2184227
0.2516687
0.2846344
0.1664041
0.1480241
0.2076579
0.1948655
0.2231083
0.258487
0.3383677
0.35244
0.384801
0.3791508
0.3046908
0.2975098
0.2936051
0.2672387
0.2536751
0.2294392
0.2248626
0.1331884
0.1829746
0.2242074
0.2990347
0.264639
0.2944517
0.2494756
0.2762325
0.2354103
0.217158
0.2561286
0.2723289
0.2520016
0.2915897
0.2582372
0.3129085
0.3297036
0.3371154
0.2694664
0.3024443
0.284204
0.2932721
0.325266
0.2935603
0.32881
0.3479667
0.3016469
0.1873102
0.2878196
0.3084468
0.253076
0.1432509
0.1978844
0.211651
0.1825036
0.197996
0.1646715
0.2531535
0.2519445
0.311146
0.2600333
0.2060272
0.1588696
0.2090223
0.2263407
0.2190459
0.2564571
0.2194325
0.2854252
0.2851181
0.3185582
0.3219295
0.2818415
0.2818787
0.2280126
0.2528987
0.2671407
0.2483731
0.2684502
0.3026118
0.2714788
0.3350494
0.3381371
0.3569426
0.3595616
0.3787743
0.3472305
0.3465389
0.3484319
0.3089624
0.3133165
0.3094336
0.3246295
0.3156227
0.3278249
0.3289657
0.2719145
0.2700935
0.2948072
0.2289413
0.2585444
0.1994348
0.2567551
0.3535702
0.3626851
0.305011
0.3249585
0.3928977
0.4215736
0.4242106
0.3440437
0.3022381
0.3050824
0.2628191
0.3233009
0.3323042
0.30681
0.3594381
0.3030795
0.2628283
0.2413993
0.3000349
0.2116115
0.208508
0.209234
0.292842
0.2870179
0.2930831
0.1723641
0.1536688
0.1902871
0.2583799
0.3515968
0.3580657
0.329206
0.2951374
0.2557536
0.2416502
0.2183408
0.181178
0.1684387
0.1300604
0.1455011
0.2012564
0.2264441
0.1896536
0.1923749
0.2176969
0.1447008
0.1287364
0.1623564
0.2394772
0.2424821
0.309135
0.2888352
0.291765
0.2720149
0.2440007
0.2688457
0.2557932
0.290834
0.2920302
0.328618
0.2785555
0.3134548
0.3200393
0.2729921
0.2806617
0.2441269
0.2711981
0.3162408
0.4064108
0.2981427
0.2929857
0.1925578
0.2262881
0.2656939
0.2649778
0.1849162
0.2025824
0.24393
0.197515
0.2281304
0.1555174
0.2442354
0.2940942
0.2829707
0.2704123
0.2352837
0.1978674
0.2106908
0.2525873
0.2246864
0.2555082
0.3178869
0.2432759
0.2763419
0.179761
0.2285657
0.1483894
0.1795794
0.1980364
0.2628572
0.229368
0.2107446
0.2728753
0.3458473
0.3451847
0.3311197
0.2685647
0.2376854
0.2183338
0.1641749
0.2975228
0.3190216
0.3305393
0.3059077
0.3242711
0.2415682
0.2607883
0.2244329
0.24387
0.3178927
0.249494
0.2588059
0.2134687
0.2910588
0.1997491
0.163751
0.07975304
0.1340989
0.1986695
0.113711
0.2093416
0.2636071
0.3354251
0.3528354
0.2656792
0.2311823
0.2431303
0.2832441
0.3152601
0.3188586
0.3705711
0.3378117
0.345733
0.3286485
0.2604611
0.3141251
0.2901769
0.2571153
0.3123438
0.3064122
0.1563979
0.2452281
0.2859229
0.2831253
0.2488257
0.1992746
0.2782343
0.2323399
0.2624593
0.2707286
0.2481334
0.2186158
0.1668463
0.196982
0.2984069
0.2704753
0.2417657
0.2457694
0.2766835
0.3041972
0.3319448
0.3093717
0.3242692
0.3396681
0.3177614
0.3392201
0.2321617
0.1973637
0.2604088
0.2986068
0.2654952
0.2747418
0.3190436
0.3449119
0.2625672
0.2256862
0.2866583
0.3034801
0.311761
0.3178426
0.2899006
0.2715671
0.2458796
0.1634421
0.1345308
0.1554913
0.179484
0.1846622
0.1728887
0.2058561
0.247881
0.2136988
0.2359929
0.2331219
0.2137568
0.2299958
0.2482729
0.2980832
0.2565849
0.3131241
0.2768657
0.3483975
0.3034629
0.2361406
0.2343533
0.2639237
0.2577545
0.2332402
0.220831
0.219673
0.2377615
0.2353328
0.2205832
0.1937985
0.221704
0.2944465
0.2369479
0.2021388
0.259643
0.2239807
0.1150828
0.1507907
0.2699875
0.2354006
0.2495753
0.3416793
0.3655129
0.3096571
0.2715421
0.2636025
0.2968928
0.2818826
0.2815402
0.2995656
0.2058875
0.2097941
0.2909741
0.3426934
0.2417773
0.1242624
0.1138715
0.2127652
0.2934025
0.2523328
0.2772472
0.2297065
0.2538406
0.2321282
0.2093093
0.2889452
0.288646
0.2845036
0.2487579
0.2535352
0.1975955
0.173887
0.1207823
0.2324363
0.1958275
0.1166147
0.09771563
0.1093424
0.07767883
0.1508473
0.1687233
0.1975406
0.2031249
0.1936582
0.2503367
0.2475742
0.2801418
0.2563956
0.2854229
0.2308276
0.2308741
0.2441893
0.1922687
0.2616457
0.2547068
0.310767
0.2814447
0.3555537
0.3303887
0.3163152
0.260327
0.2533868
0.1953719
0.1475946
0.204225
0.2136423
0.3028676
0.3108657
0.3053209
0.2887661
0.3293204
0.2945035
0.2848877
0.2882951
0.3273451
0.2955378
0.3038393
0.2886535
0.22946
0.2550205
0.2934006
0.3289951
0.2524487
0.2856024
0.2346207
0.1736515
0.1259819
0.1723094
0.2726964
0.2474187
0.2241131
0.1760145
0.2058604
0.1967828
0.2653199
0.2693865
0.3444474
0.3295395
0.3552547
0.3291471
0.2031572
0.2409455
0.2452722
0.2183995
0.19331
0.1578577
0.1800203
0.2223013
0.249329
0.2321913
0.2724568
0.2776616
0.2618641
0.3745798
0.3750956
0.3371681
0.3028357
0.2976265
0.2649481
0.3127214
0.2916688
0.2579537
0.1589214
0.1935145
0.2064859
0.201579
0.1838595
0.2723993
0.2228378
0.2367446
0.1942514
0.1830107
0.2520103
0.1715683
0.08192977
0.09516897
0.1408729
0.1913941
0.1895605
0.2150647
0.3560507
0.2868005
0.3878507
0.3546312
0.2577029
0.2113835
0.2142208
0.2767146
0.2684603
0.2399161
0.2540392
0.3256746
0.2876814
0.2985835
0.2347874
0.2143015
0.2254494
0.2128363
0.2262503
0.2089666
0.2267204
0.2477674
0.2495663
0.1880385
0.1868508
0.2172298
0.162399
0.1172652
0.1148371
0.1824552
0.1808365
0.2266026
0.2778387
0.3351522
0.3838045
0.3525004
0.299406
0.2765571
0.2868846
0.3073153
0.2938134
0.1598238
0.1692625
0.1655691
0.1899805
0.1661604
0.1455467
0.1614168
0.2328003
0.1897814
0.1641321
0.2275338
0.2713555
0.2952085
0.3028774
0.3623602
0.4060306
0.3871348
0.3435622
0.3225035
0.4146075
0.4456436
0.405567
0.3624699
0.3361123
0.2505143
0.2707682
0.3348118
0.4344625
0.2921825
0.2910638
0.2966899
0.2463227
0.1088251
0.2202901
0.2201158
0.2572144
0.3088352
0.2856242
0.3195187
0.2598111
0.1743776
0.2533492
0.3120222
0.2843309
0.3035283
0.3793115
0.3248442
0.3430511
0.2775919
0.372333
0.330935
0.3966573
0.3542371
0.2944616
0.2798355
0.306114
0.36854
0.3871877
0.4093373
0.2781301
0.2737031
0.2717467
0.3224577
0.3523376
0.2559823
0.2678323
0.2584286
0.2855087
0.2652323
0.2565021
0.2018515
0.2509017
0.1947346
0.2100393
0.2757319
0.1394786
0.1811267
0.1755129
0.2509434
0.2454254
0.1883435
0.1639502
0.1521897
0.1495236
0.2161257
0.2132952
0.1880958
0.2039565
0.2348046
0.2015134
0.2219587
0.1917273
0.2912271
0.2685709
0.2394652
0.2538453
0.2844789
0.2597547
0.2155415
0.1572991
0.133521
0.156859
0.1636612
0.2470698
0.2098888
0.2567971
0.2484525
0.2828579
0.2861999
0.2754436
0.2849378
0.3197696
0.2915572
0.2871871
0.2476586
0.2586595
0.2096543
0.1738093
0.1921883
0.174422
0.2058066
0.1970577
0.1627295
0.2077364
0.2696222
0.2736767
0.3130977
0.3715256
0.3666486
0.3403068
0.3804311
0.4161988
0.3170116
0.2134322
0.285348
0.2717112
0.2519764
0.2016673
0.2179441
0.2790043
0.2500769
0.2646323
0.2880046
0.2323093
0.2722381
0.2701636
0.314176
0.2534189
0.2721787
0.2855358
0.4236707
0.3853673
0.3499895
0.2458803
0.228365
0.2032161
0.196792
0.1493125
0.1908545
0.2131243
0.2238685
0.1976045
0.1769865
0.1053568
0.160307
0.1750132
0.09763324
0.1660605
0.2056428
0.111959
0.179948
0.2272198
0.3345554
0.3007039
0.3020639
0.3263865
0.3049269
0.2902617
0.2787344
0.3100978
0.2674426
0.2144501
0.2279209
0.3108413
0.2839111
0.2481296
0.2882833
0.2777627
0.2957308
0.2559692
0.2780693
0.2883922
0.2545152
0.2711172
0.1891249
0.1599985
0.1370996
0.172957
0.3092477
0.3726009
0.2901156
0.2818227
0.2774906
0.1954279
0.2864823
0.2719053
0.2359496
0.2087406
0.1787744
0.1651711
0.1253204
0.1653843
0.2414248
0.2710687
0.255345
0.3094028
0.2636533
0.2612824
0.2615087
0.2650296
0.2483412
0.213968
0.2873337
0.2765481
0.3253366
0.3236341
0.3077749
0.2713092
0.2270653
0.2843603
0.3155369
0.2789401
0.2618659
0.2363066
0.2191857
0.2884174
0.2601836
0.3284591
0.3375673
0.3504971
0.2225914
0.2134264
0.1289227
0.1990949
0.2263236
0.226891
0.157344
0.1251677
0.2545398
0.2241481
0.1815481
0.23903
0.2150024
0.2418292
0.2288676
0.2527982
0.2901026
0.2684445
0.306508
0.3580719
0.3203373
0.2623032
0.3450092
0.2312003
0.2185984
0.1940828
0.09937412
0.1193859
0.1836755
0.2525546
0.2795748
0.2801359
0.2528555
0.2015445
0.2190172
0.233941
0.2892013
0.2126879
0.1845421
0.1882733
0.1862407
0.2258195
0.1746688
0.2225122
0.1506787
0.2224686
0.2483723
0.2244778
0.1954738
0.1729608
0.1488325
0.158909
0.1716765
0.2062541
0.2348522
0.143291
0.1941805
0.1744935
0.1859712
0.1932697
0.2671096
0.2140757
0.2534236
0.2405112
0.3118472
0.3343332
0.3550496
0.3004601
0.1718373
0.2261751
0.2481577
0.2570397
0.307667
0.2138839
0.175789
0.1980923
0.210916
0.2368813
0.3466066
0.3509589
0.3056452
0.3154789
0.3451387
0.394839
0.472227
0.3933282
0.3273846
0.289848
0.2364896
0.2135714
0.2160135
0.1603985
0.2417823
0.2656797
0.2449216
0.267117
0.2317484
0.2414313
0.1722641
0.2496527
0.2082321
0.3035622
0.2565092
0.2559135
0.2338705
0.3169682
0.3336966
0.330384
0.3023579
0.3002694
0.2089487
0.2769101
0.2989039
0.3619013
0.3322832
0.2316988
0.2177324
0.3187185
0.2395657
0.2934234
0.2210532
0.1737278
0.1411226
0.2258278
0.223567
0.2498423
0.3078475
0.3564423
0.3992387
0.2661217
0.2330389
0.2612689
0.2083641
0.2431806
0.2059777
0.2570101
0.252542
0.3041999
0.2838773
0.2986042
0.3067289
0.2844824
0.2463141
0.2334747
0.1964432
0.2432014
0.2094835
0.2231605
0.1942491
0.2506304
0.3102029
0.3797424
0.32451
0.2588922
0.2351927
0.2781948
0.2371325
0.2496838
0.2319386
0.1944723
0.2099906
0.2574752
0.2904101
0.2751666
0.2685908
0.2532849
0.2327072
0.2829698
0.2975084
0.3835708
0.3136341
0.2304413
0.2630188
0.2104308
0.2402317
0.2958378
0.3027107
0.3514575
0.3639605
0.3969701
0.4600038
0.4051143
0.2906744
0.2389342
0.11398
0.1504295
0.1773007
0.2281357
0.1835418
0.2314378
0.2257112
0.2325863
0.2292118
0.2090617
0.2744637
0.29484
0.2898431
0.2581601
0.302103
0.2680585
0.2595473
0.208849
0.2166779
0.2386882
0.2480764
0.3524258
0.2994437
0.3003981
0.2447813
0.2950388
0.1487382
0.1699954
0.2238064
0.1834907
0.2054004
0.2273235
0.1933033
0.1543551
0.1695473
0.1403044
0.1855159
0.1927183
0.1887988
0.1943914
0.2764714
0.3367752
0.3347114
0.3304469
0.3592298
0.324292
0.3449957
0.403026
0.3139447
0.3380065
0.3601258
0.3882297
0.3303352
0.2635458
0.290568
0.2835971
0.2807989
0.258
0.3210462
0.3137843
0.2784157
0.239243
0.2518165
0.2292739
0.2147809
0.1834353
0.1778717
0.2121028
0.2518392
0.2537411
0.2766989
0.226417
0.201493
0.216629
0.1913452
0.2199044
0.1656295
0.2195367
0.2538249
0.2567243
0.2037353
0.2338537
0.2051567
0.1784493
0.132114
0.1608426
0.2490765
0.3055076
0.3175801
0.3237553
0.3006491
0.320411
0.2808562
0.2338289
0.2308846
0.2357927
0.2939585
0.2848296
0.3436037
0.3258171
0.2863512
0.2506787
0.177208
0.1859117
0.1952657
0.166749
0.2193561
0.276145
0.3001133
0.2549265
0.2288306
0.2528184
0.2228377
0.1922557
0.1751409
0.155748
0.1570501
0.1937188
0.1987432
