0.3811807
0.2764286
0.2562455
0.2327535
0.2701494
0.3283371
0.271101
0.2531302
0.2706963
0.2310147
0.2287151
0.2459711
0.1963558
0.2380437
0.2853478
0.3604295
0.2980309
0.3425155
0.3331135
0.3046603
0.3141699
0.297639
0.2709794
0.2697875
0.2966592
0.2974293
0.3407375
0.3443808
0.2978697
0.3448776
0.3265687
0.3311306
0.3202101
0.3668382
0.2887072
0.285134
0.328784
0.2967631
0.3328424
0.3238337
0.3031803
0.3433668
0.3303782
0.3612857
0.3697356
0.3435271
0.3067858
0.3283225
0.2794831
0.244043
0.2398988
0.226604
0.1471457
0.1957015
0.2015626
0.2078653
0.2696075
0.3002701
0.3232062
0.3315318
0.3110965
0.2724934
0.2789562
0.2450364
0.2277117
0.2374256
0.2431594
0.2452346
0.2110374
0.2703378
0.2768204
0.3533543
0.3316611
0.3376967
0.3079768
0.3024878
0.3388979
0.3632274
0.3376411
0.3235654
0.2642726
0.2285986
0.25273
0.285213
0.2218774
0.2747147
0.2654862
0.2657339
0.2042206
0.2898606
0.3167526
0.3191272
0.3857895
0.3746384
0.227615
0.2434602
0.1567645
0.1756019
0.1748167
0.2302924
0.2153312
0.2267728
0.2955404
0.3347796
0.3465685
0.2559191
0.2511083
0.2829841
0.2929185
0.3333628
0.3607009
0.3158462
0.3341343
0.3590688
0.3060484
0.2737069
0.2960674
0.2860168
0.3151136
0.3465722
0.3479741
0.3254939
0.2909528
0.3516583
0.3253079
0.3662309
0.3748364
0.3755455
0.3642385
0.436239
0.4119888
0.3804508
0.3865354
0.3580249
0.369634
0.3491274
0.3197474
0.3757684
0.4010283
0.3810428
0.3158556
0.2879367
0.2634661
0.2224231
0.2457347
0.2161566
0.210103
0.2099396
0.2070754
0.2302081
0.2836606
0.3345691
0.3401334
0.355059
0.324608
0.2707229
0.2587958
0.1712885
0.2187331
0.2787872
0.241245
0.1917469
0.218514
0.2462894
0.2741513
0.3086241
0.3062325
0.2913995
0.3281147
0.3388522
0.3834512
0.3423023
0.3587017
0.4115833
0.3964425
0.3582088
0.3360842
0.3022559
0.3913342
0.4244188
0.3727263
0.3413583
0.3002385
0.3297065
0.2994553
0.3130181
0.2907607
0.2551793
0.3223122
0.303718
0.274454
0.3469727
0.3218086
0.320062
0.3208761
0.3400138
0.3113398
0.329263
0.3177552
0.3597679
0.3566155
0.3436098
0.32594
0.3176638
0.2265068
0.2410182
0.2522572
0.2940712
0.2260942
0.2836635
0.2714997
0.2713204
0.2669734
0.2403047
0.2477491
0.2903235
0.2938792
0.3134243
0.3306666
0.3144364
0.2571763
0.2572936
0.2521414
0.2122356
0.2733701
0.2406867
0.199166
0.2121864
0.2539904
0.245286
0.2399495
0.2242472
0.230522
0.241736
0.2727216
0.2967538
0.3277467
0.2716976
0.2859956
0.2506465
0.2287366
0.2252615
0.2758367
0.2888715
0.3046957
0.2393736
0.2556795
0.2736703
0.2961306
0.2576167
0.2655365
0.2125524
0.2562247
0.275182
0.2983525
0.3052402
0.3472282
0.29262
0.2940149
0.2693677
0.2380982
0.2475267
0.2382527
0.2777727
0.2923626
0.2472709
0.2679515
0.2359403
0.2836796
0.3101008
0.3082713
0.2926164
0.341625
0.3882258
0.3611216
0.372706
0.4253027
0.4542812
0.4687427
0.4529953
0.4919921
0.4328796
0.4334861
0.4544374
0.3813347
0.3905055
0.3639511
0.2812993
0.3076202
0.2943047
0.3326333
0.3197278
0.3249674
0.3109229
0.2950276
0.3189892
0.3425405
0.3580857
0.3033498
0.2088622
0.2291521
0.2475766
0.2245604
0.2654639
0.2194077
0.1904664
0.303226
0.4045428
0.3894241
0.3337189
0.3397887
0.2613683
0.2223333
0.2437453
0.2076918
0.2143544
0.1461357
0.1969828
0.212104
0.2174227
0.2815147
0.3070841
0.2792238
0.2700793
0.3016708
0.3194029
0.4049689
0.3903062
0.3722761
0.3224062
0.2487126
0.1935588
0.2141441
0.2465164
0.2225651
0.2267359
0.2319228
0.3096468
0.2816991
0.285395
0.2616844
0.2302225
0.2099282
0.2337541
0.2694004
0.2362621
0.2885477
0.2835582
0.2579556
0.1976423
0.2674823
0.346762
0.2941589
0.3483818
0.2940451
0.3251352
0.3504078
0.3571632
0.3508591
0.3644194
0.2954997
0.267139
0.3170175
0.3573487
0.3598493
0.3258387
0.2249628
0.2519864
0.2780977
0.3288955
0.2970065
0.3520923
0.4010541
0.4105146
0.413168
0.3708343
0.3803063
0.3881373
0.4233448
0.4526341
0.4291312
0.3639581
0.3069677
0.2512278
0.2665119
0.3378885
0.39143
0.2978627
0.2831151
0.2990985
0.3379564
0.3307495
0.3520189
0.3507197
0.2870029
0.2405228
0.1942733
0.2630994
0.2289892
0.2322375
0.2199864
0.1983732
0.2632639
0.226128
0.298136
0.2959033
0.2922335
0.2723435
0.3079799
0.2591593
0.2781557
0.2649406
0.2462345
0.3333129
0.3802655
0.3190549
0.3702454
0.3168645
0.3459543
0.3156847
0.324312
0.4282394
0.4580037
0.4559738
0.4001387
0.3507029
0.3524211
0.3413462
0.3064842
0.3340113
0.304808
0.2750397
0.2664289
0.3013631
0.2696128
0.2711909
0.2588994
0.3360518
0.29895
0.2769646
0.2270785
0.2224852
0.188168
0.2745954
0.2716985
0.2987357
0.2719233
0.2686981
0.3182607
0.2887929
0.2420542
0.2522137
0.2312075
0.2456372
0.319995
0.3215297
0.2884031
0.3089435
0.3596092
0.3920376
0.3103414
0.266147
0.2822585
0.2563336
0.2361277
0.2576179
0.2845145
0.3232628
0.3262865
0.3302901
0.3460622
0.2781977
0.249238
0.3125355
0.3431545
0.3195342
0.3563667
0.2930088
0.3012712
0.3453835
0.3602321
0.3256438
0.2943421
0.2282315
0.2506632
0.2652108
0.2918836
0.3003486
0.3348183
0.3406689
0.331708
0.3221746
0.2766286
0.2864754
0.2791931
0.2461783
0.2418821
0.2498104
0.3062682
0.3035398
0.3307949
0.3214983
0.2573843
0.3781018
0.3244134
0.2924156
0.2460696
0.2772705
0.3152712
0.2957511
0.3087898
0.3242833
0.3606113
0.3576267
0.32202
0.3381251
0.3812942
0.4140515
0.4062979
0.3127186
0.2412546
0.243812
0.3065902
0.3420926
0.3091813
0.3174188
0.2965866
0.3108149
0.2993215
0.2872559
0.2951973
0.2539484
0.3188945
0.3059055
0.2640541
0.2807104
0.3064638
0.2756194
0.2297533
0.2233718
0.2211417
0.1985534
0.2297862
0.2398519
0.242082
0.2610018
0.2706971
0.2720912
0.2812741
0.3344526
0.3222897
0.3694756
0.34207
0.3448864
0.3695554
0.2882139
0.1931827
0.1938902
0.2383579
0.2627616
0.2637353
0.3044228
0.3068212
0.3456958
0.3442885
0.285577
0.3423714
0.2921236
0.2956616
0.3705269
0.3480444
0.3689312
0.2972163
0.3213371
0.2869272
0.2978932
0.296168
0.3122697
0.3033959
0.3120447
0.3379276
0.2814279
0.2619205
0.2003448
0.2332334
0.2029135
0.1920424
0.2020406
0.2022579
0.2077269
0.1260228
0.1362205
0.1341124
0.2213537
0.2263037
0.1877898
0.2740837
0.3336239
0.2994913
0.2984661
0.3479769
0.3910718
0.2965663
0.294658
0.2271772
0.286867
0.3486113
0.4211053
0.3337279
0.2684133
0.2639302
0.2916811
0.3501693
0.3823427
0.2892922
0.2549312
0.2401008
0.2399721
0.1848319
0.1938924
0.1765824
0.1863831
0.2342525
0.2880506
0.3550006
0.3275751
0.2638463
0.1868708
0.2211715
0.2449421
0.2120906
0.2900742
0.2313834
0.1953839
0.2421578
0.2174283
0.2878144
0.2732492
0.2001812
0.2813284
0.2783095
0.254908
0.2163881
0.2007356
0.1236393
0.05318937
0.08687288
0.2043611
0.2467863
0.2751114
0.3278
0.3406134
0.3193939
0.252811
0.2461002
0.2558153
0.2820833
0.2917234
0.2479623
0.2323716
0.2457671
0.2468788
0.2843837
0.3525567
0.2931624
0.2512038
0.2157552
0.2394066
0.284435
0.2516033
0.201406
0.1785051
0.2342887
0.272652
0.2584558
0.2954604
0.3114456
0.3333621
0.3419911
0.3670552
0.3245893
0.3594062
0.3489609
0.3884703
0.4263413
0.4712958
0.4602296
0.4213433
0.3851712
0.3524971
0.3581072
0.3797394
0.3512994
0.3485133
0.3342332
0.3062334
0.2909511
0.3085908
0.2663579
0.3145233
0.3048447
0.3286566
0.310239
0.3191886
0.2998644
0.2752887
0.3332013
0.2994893
0.3219544
0.3263592
0.3303948
0.347328
0.3008868
0.3708443
0.4228232
0.3374388
0.324385
0.2993945
0.3364002
0.3388799
0.3551204
0.3816944
0.3659048
0.3326079
0.3506009
0.3038578
0.3470287
0.2989808
0.3505988
0.3354833
0.2818842
0.2977111
0.3096497
0.3311366
0.3065299
0.3330371
0.3136327
0.2734097
0.3160737
0.2840269
0.3329781
0.3639724
0.3962643
0.365705
0.3964639
0.3652538
0.3637817
0.3621633
0.3271278
0.318346
0.3347222
0.29905
0.2915868
0.3509668
0.3378935
0.3584015
0.3343944
0.2772543
0.3109602
0.2896908
0.287153
0.255946
0.2733078
0.3258448
0.2902993
0.3944724
0.3438401
0.3524741
0.3749136
0.3648007
0.3393645
0.2731481
0.303547
0.2395053
0.261355
0.2116158
0.2233347
0.2489351
0.2871093
0.2039839
0.1669745
0.179272
0.1894948
0.2250754
0.2959524
0.3195175
0.3168502
0.2468709
0.2534245
0.2847351
0.330837
0.2917829
0.2706096
0.342736
0.3366556
0.2894627
0.2625256
0.2264081
0.2536804
0.243649
0.2775063
0.3454327
0.3674352
0.3600418
0.3769648
0.4159862
0.4161603
0.4127106
0.4022267
0.3844209
0.3215087
0.2787457
0.2796384
0.2302902
0.322113
0.3633909
0.3786874
0.3408503
0.365423
0.3563385
0.3348009
0.3435671
0.3779478
0.3510588
0.3036105
0.2862654
0.3140404
0.3252149
0.3189285
0.3077829
0.3178091
0.3709984
0.4054303
0.4389843
0.4430327
0.3656802
0.3433773
0.3758209
0.4002384
0.4107255
0.3986858
0.3801446
0.3389296
0.3351988
0.3940079
0.3336276
0.3348821
0.3321513
0.3275908
0.2903533
0.2353858
0.2452394
0.2401618
0.2878092
0.2852554
0.2968998
0.2982798
0.2672669
0.2719901
0.294339
0.2757417
0.2975611
0.3258559
0.3827809
0.3688531
0.3524459
0.3185108
0.2616178
0.265942
0.2774964
0.2891108
0.3238052
0.3373809
0.3284198
0.2750081
0.3838098
0.3358559
0.3077898
0.2913233
0.2460157
0.2870256
0.2865206
0.37357
0.3208669
0.3159622
0.2943122
0.2628497
0.2824987
0.303572
0.2048529
0.2137991
0.2316846
0.225639
0.2575459
0.3180948
0.382638
0.329779
0.2663495
0.2771592
0.2574145
0.3230331
0.3109016
0.2773524
0.2187352
0.208685
0.2211693
0.2801017
0.2309226
0.2738036
0.33322
0.2873312
0.3512628
0.3306477
0.2572926
0.2639906
0.2165072
0.1865973
0.2014768
0.2320763
0.2923568
0.3159127
0.3296244
0.2918093
0.3051954
0.3036105
0.3317788
0.3691418
0.4174191
0.3581827
0.3084835
0.3617145
0.4392731
0.4208366
0.3979366
0.3543016
0.3575722
0.3683829
0.3813233
0.3515986
0.3380916
0.3817623
0.2967038
0.2752335
0.2966386
0.2971843
0.2779551
0.3257869
0.273413
0.2667126
0.2727456
0.287032
0.2553407
0.2332432
0.2033598
0.2113759
0.161709
0.1667713
0.2382569
0.213151
0.1724566
0.1895377
0.2037366
0.2147469
0.234774
0.2591438
0.2995157
0.3164018
0.3072991
0.298121
0.3282492
0.3066416
0.2976104
0.2479919
0.2430217
0.2291138
0.1694105
0.1824651
0.1336004
0.1975619
0.2689262
0.2552774
0.1755801
0.1559406
0.2107674
0.269019
0.2754188
0.2558902
0.2866467
0.3164475
0.2942124
0.2422298
0.2948406
0.3067145
0.2906144
0.3735579
0.3155835
0.3018937
0.333964
0.3328236
0.3697937
0.3488183
0.437177
0.4761206
0.4819294
0.4511325
0.4128934
0.4381729
0.3778573
0.347047
0.3140473
0.3507503
0.3103141
0.3341683
0.3451132
0.3448337
0.3516086
0.3824736
0.4284491
0.4158369
0.4150242
0.3371656
0.3512071
0.3868359
0.3949581
0.4062789
0.4025854
0.3766991
0.3309031
0.2989501
0.3131336
0.293582
0.2892721
0.3074992
0.3609509
0.3450824
0.3274584
0.2838465
0.2836197
0.3001158
0.3274733
0.3314726
0.3197491
0.2976417
0.266899
0.2602573
0.2647568
0.2489325
0.2855834
0.3037922
0.2538416
0.2105191
0.2145954
0.2266628
0.3371195
0.3137373
0.2503527
0.2918926
0.3313588
0.3118444
0.2828562
0.2737483
0.2369438
0.2103837
0.2200295
0.295042
0.3627772
0.3556588
0.3453586
0.3950721
0.3915115
0.4472121
0.4759508
0.4723532
0.4498343
0.4154424
0.4958076
0.4930583
0.5013192
0.5042162
0.4431213
0.4406741
0.4400351
0.4189713
0.3490547
0.3177482
0.2712011
0.2555539
0.2222808
0.2495185
0.2673918
0.2725538
0.3571641
0.386892
0.4342341
0.4725991
0.4656682
0.4276561
0.4370107
0.4005593
0.3477715
0.3465986
0.3825453
0.3595613
0.3171968
0.3268583
0.3332675
0.3252809
0.3429817
0.3712279
0.3317708
0.2284134
0.2992348
0.2829823
0.2840498
0.2687412
0.2601595
0.24581
0.3313905
0.3578374
0.3558358
0.3352873
0.3506799
0.3275253
0.3318558
0.3980893
0.3617737
0.2835613
0.2972596
0.2485147
0.2675375
0.3169118
0.2887974
0.2991117
0.34076
0.2719768
0.2529672
0.2644999
0.189206
0.1910762
0.220878
0.2178811
0.2360245
0.1706866
0.2026936
0.2253835
0.1919018
0.2041446
0.2283416
0.2395543
0.3066427
0.2797971
0.2611507
0.2445206
0.2764765
0.2991651
0.2983883
0.3160356
0.3276457
0.3297188
0.309183
0.3353149
0.3564274
0.3419073
0.3393409
0.3327554
0.2698256
0.2641672
0.3308213
0.367769
0.3323181
0.3660959
0.2962173
0.2835625
0.3066885
0.2779038
0.3579459
0.2821937
0.3282919
0.3342997
0.3236835
0.3281386
0.2840191
0.3031248
0.3231323
0.2986685
0.3160155
0.2834632
0.244267
0.2943901
0.3096325
0.2996875
0.322842
0.3752642
0.3497182
0.3870837
0.3022112
0.338379
0.2866263
0.3068344
0.275087
0.2731403
0.2970844
0.3405224
0.3528515
0.3184441
0.3139466
0.3049028
0.2611631
0.2175186
0.2616062
0.2917865
0.2807972
0.2085785
0.1954771
0.2295991
0.2749105
0.2622771
0.1837453
0.2518536
0.2753975
0.339618
0.36472
0.3214977
0.2200336
0.1734679
0.281601
0.2423063
0.2778675
0.2387467
0.151186
0.2537241
0.2346376
0.2168346
0.2447173
0.2755687
0.2910385
0.3281623
0.4032381
0.3871817
0.3090593
0.2442764
0.271876
0.3351977
0.2657811
0.3176093
0.3348164
0.2489942
0.2469731
0.3000539
0.3304603
0.2713796
0.2133294
0.2292706
0.2578803
0.2819898
0.325886
0.307485
0.4151186
0.380448
0.3834826
0.3690099
0.3380053
0.3071775
0.3269873
0.3176029
0.3055189
0.3024184
0.3101462
0.2866592
0.2770119
0.2757321
0.2762279
0.2944415
0.3601645
0.336486
0.3193335
0.3277125
0.2989257
0.328351
0.393134
0.357342
0.3438096
0.4076934
0.3706178
0.3307088
0.2619017
0.268922
0.1841411
0.1304236
0.1849517
0.1962933
0.219478
0.1815314
0.2571322
0.2114874
0.2681962
0.2880443
0.278321
0.2524486
0.2780305
0.2871472
0.2677829
0.254378
0.2498454
0.2833423
0.3416462
0.3486112
0.3465637
0.3727413
0.3615799
0.3707453
0.3241433
0.3439891
0.304813
0.3787628
0.3484113
0.284656
0.2854237
0.3249908
0.3471499
0.2970948
0.2398098
0.1937097
0.2265777
0.2476464
0.2471789
0.2078985
0.208208
0.2270278
0.2304678
0.2811502
0.2601008
0.2765936
0.3004195
0.2563774
0.2800622
0.2519372
0.2733177
0.2171015
0.1889521
0.1694313
0.2199393
0.2509486
0.2215942
0.2096675
0.2756376
0.3522028
0.3339486
0.4149288
0.3759761
0.3578557
0.3595293
0.3548582
0.3264475
0.3567551
0.2707766
0.2906099
0.2090426
0.19433
0.2096107
0.2409523
0.2791234
0.3486969
0.423137
0.3612998
0.2489362
0.3173617
0.3305028
0.3048204
0.299847
0.2799842
0.3266244
0.3925167
0.3813913
0.3258158
0.2919489
0.2453625
0.2898668
0.2849954
0.2313157
0.3183477
0.3119588
0.2441808
0.2581607
0.3047228
0.2784827
0.2743383
0.3476867
0.3491791
0.3365005
0.3369955
0.3169959
0.3270918
0.3136463
0.2504178
0.3023644
0.2183663
0.2726391
0.2231902
0.161412
0.2088463
0.2181304
0.2369623
0.3383648
0.3470085
0.3396544
0.2848426
0.2866458
0.2876748
0.3423278
0.3038893
0.327884
0.2869883
0.2790002
0.2590407
0.3805377
0.2963054
0.3236549
0.3022893
0.2802559
0.2474975
0.3013931
0.3019269
0.2469474
0.2523715
0.266713
0.3121357
0.2448613
0.2507295
0.2405563
0.2817266
0.2876475
0.3079006
0.2722818
0.3353208
0.2845199
0.2625569
0.2701864
0.3191988
0.3445737
0.370554
0.3655763
0.3887867
0.3726739
0.400007
0.3623612
0.3687875
0.3213977
0.2837599
0.2279241
0.2436134
0.348571
0.3524972
0.2630475
0.3053756
0.2341678
0.1915011
0.2284877
0.2714696
0.2915787
0.3114654
0.285975
0.2828121
0.2829276
0.3055682
0.3124245
0.3141318
0.3133712
0.3010767
0.327748
0.3615969
0.3088512
0.2977586
0.2835832
0.3245533
0.2449109
0.2560714
0.2526778
0.2779333
0.293971
0.3320649
0.2377296
0.2575883
0.3226459
0.3344117
0.3351992
0.3247733
0.3287081
0.3070576
0.2929025
0.2827816
0.2819305
0.2549139
0.2390281
0.185017
0.3009348
0.2490353
0.2416966
0.2227534
0.2238929
0.2807215
0.3065857
0.2579423
0.2817341
0.284639
0.2538995
0.2337606
0.2146623
0.1265451
0.1489793
0.1827134
0.1501373
0.2078767
0.1662992
0.2678639
0.2524273
0.2990221
0.3714712
0.2868234
0.2667686
0.2642391
0.2043818
0.222257
0.2664603
0.2751934
0.2737041
0.2766399
0.2690294
0.2398069
0.249933
0.333997
0.3078122
0.272588
0.2614334
0.3375769
0.317467
0.2981811
0.3642406
0.4340165
0.4568896
0.4503171
0.4336905
0.4198726
0.3801282
0.2591534
0.2047155
0.1900266
0.2067837
0.2399928
0.2154008
0.2608959
0.2884084
0.3119777
0.3099476
0.2947183
0.3499353
0.2908321
0.2460879
0.2509056
0.2227396
0.3105655
0.3350955
0.3500529
0.3945166
0.4005842
0.3876647
0.3777895
0.4022352
0.3529089
0.3526426
0.3023118
0.2617043
0.2222406
0.2638014
0.2866723
0.3088867
0.2847317
0.3135284
0.284963
0.3171619
0.2988353
0.3790552
0.3445016
0.3446396
0.3705781
0.3824656
0.3333721
0.2990336
0.3285407
0.3179832
0.3746359
0.3037282
0.3178629
0.3014058
0.2954558
0.3466675
0.3063053
0.2549854
0.2602559
0.2553875
0.3021406
0.2737432
0.2412469
0.3062648
0.2072676
0.1676589
0.200587
0.175283
0.2904139
0.3447987
0.2836436
0.2703064
0.2431116
0.2752118
0.2498477
0.2421299
0.1975074
0.2298861
0.2647975
0.2805766
0.3223945
0.2880201
0.277249
0.3210739
0.2647864
0.2666285
0.2479444
0.3122372
0.3943102
0.4380049
0.4323129
0.419837
0.4292206
0.3676933
0.2983455
0.259024
0.2988284
0.3447837
0.3646709
0.3430614
0.2743328
0.2352497
0.2119513
0.2397902
0.2347015
0.2676406
0.2665355
0.2392094
0.3150091
0.3636815
0.3385026
0.3246663
0.3964277
0.3253181
0.3206495
0.3453677
0.3539906
0.3646185
0.3479635
0.2419786
0.3321264
0.3118435
0.3012897
0.303827
0.3400329
0.304087
0.3824661
0.2988129
0.2630077
0.281602
0.3732218
0.3581351
0.3057257
0.335131
0.3283222
0.346985
0.3724887
0.3862034
0.3778263
0.3775964
0.3213485
0.2909832
0.2897817
0.3492767
0.3192781
0.3237113
0.2687421
0.2786785
0.2595398
0.258022
0.2175231
0.23324
0.2443179
0.3089524
0.2505955
0.3077174
0.3292732
0.2678453
0.2638338
0.2172965
0.2538005
0.2745793
0.2899406
0.302702
0.2989757
0.3158933
0.3221938
0.3023727
0.3013174
0.353627
0.3803629
0.3808084
0.3641086
0.3299162
0.3101044
0.2761669
0.2775638
0.2792561
0.2796965
0.2428765
0.2615976
0.3108399
0.2860991
0.2882351
0.2198786
0.2303269
0.2367537
0.2305053
0.2650189
0.2411285
0.2352562
0.2545161
0.2600891
0.3146504
0.3124983
0.3322905
0.2980958
0.3093376
0.2958596
0.2825812
0.3147847
0.3068128
0.319154
0.2971221
0.2959799
0.2709046
0.2933278
0.2490674
0.2599408
0.2451693
0.2644532
0.1747588
0.2376268
0.2484216
0.2685909
0.2405433
0.334513
0.2968402
0.3257016
0.3353789
0.3860953
0.3883266
0.3665252
0.331597
0.3319281
0.2938272
0.3226083
0.3009366
0.2509363
0.2469922
0.282012
0.2652314
0.3014331
0.2469243
0.1950528
0.1827079
0.1980238
0.2289017
0.1340218
0.1976712
0.2569126
0.2704018
0.3911888
0.2766615
0.2856901
0.3477459
0.3689419
0.3521868
0.336551
0.3205355
0.323354
0.3227919
0.3171674
0.2857889
0.2846519
0.327748
0.2799085
0.3128582
0.3323375
0.3096379
0.3318237
0.335391
0.3596737
0.292781
0.2877901
0.2928388
0.2819449
0.3111884
0.3246283
0.2663628
0.2627924
0.3452972
0.3351827
0.3493763
0.3463052
0.3424564
0.3626216
0.3718018
0.3086204
0.3185147
0.2879269
0.2828031
0.260372
0.2654998
0.2555177
0.3022113
0.2778727
0.3426208
0.3436387
0.3680377
0.3505798
0.4088851
0.4389928
0.3975945
0.2912084
0.3478257
0.4156181
0.422373
0.4231326
0.3979285
0.3123036
0.289894
0.2716717
0.2710758
0.2591029
0.2272224
0.1923448
0.157335
0.1611288
0.2530624
0.261201
0.2751934
0.2748718
0.2407461
0.2565889
0.2501015
0.2781566
0.3380178
0.3386133
0.4060886
0.3801268
0.2989597
0.2591007
0.1877338
0.1563879
0.2251571
0.2515175
0.2541431
0.2572867
0.3033016
0.3317134
0.2843616
0.2499958
0.2214607
0.1930072
0.2156376
0.2063043
0.2301868
0.2276356
0.2262196
0.2607303
0.2594547
0.2729923
0.2722322
0.2430635
0.2710301
0.2439213
0.2476354
0.2626272
0.2197204
0.285489
0.3458633
0.3688423
0.3292686
0.2882065
0.242443
0.2371819
0.251838
0.3022998
0.2849918
0.3264096
0.3054088
0.2901905
0.3390961
0.3492953
0.358381
0.4061051
0.3627509
0.3352362
0.3261558
0.3106434
0.2858844
0.298539
0.3195332
0.3404716
0.3061726
0.3100786
0.2593283
0.2502761
0.1759793
0.2325355
0.242415
0.2457526
0.2841326
0.1727394
0.3017081
0.3076137
0.198866
0.2565377
0.295733
0.2582035
0.2249778
0.2286602
0.2258297
0.2492092
0.2327792
0.2757444
0.3155877
0.3310093
0.30594
0.3953755
0.4381917
0.4002184
0.4401801
0.4851565
0.4435577
0.4738044
0.4246742
0.3875784
0.2704926
0.2784787
0.3597313
0.368731
0.3514038
0.316131
0.3083742
0.2912526
0.2836222
0.2783242
0.297051
0.2971383
0.268129
0.2358686
0.2495131
0.2693159
0.2757083
0.3291281
0.2948091
0.2807865
0.2326371
0.3144918
0.2475111
0.2054499
0.2481797
0.3168439
0.2985537
0.2481991
0.1923806
0.2171529
0.2558876
0.3429941
0.2974077
0.2609845
0.2959397
0.2715165
0.2931424
0.2501982
0.2573623
0.3475674
0.2920028
0.2387079
0.3028531
0.3232426
0.3770662
0.4210536
0.4069865
0.4296731
0.3805073
0.3517433
0.305193
0.3585704
0.3224315
0.300365
0.2979025
0.3228466
0.392237
0.329512
0.3576222
0.3143437
0.2713177
0.2942248
0.3147879
0.3088755
0.3049551
0.2620024
0.2797379
0.240562
0.2710023
0.3633315
0.3077574
0.3939529
0.3921916
0.396814
0.3822918
0.3222267
0.352432
0.3889905
0.3537749
0.3745421
0.2910002
0.2625723
0.2473643
0.3187668
0.313334
0.2416673
0.2455044
0.2678588
0.2442853
0.1965222
0.2128233
0.1649093
0.2876669
0.3151319
0.2817773
0.3495126
0.3746358
0.3137874
0.2698084
0.2382597
0.1932408
0.1976201
0.231586
0.2288062
0.2003126
0.2143901
0.2120063
0.2702706
0.3064791
0.3252792
0.384329
0.3714586
0.3034665
0.2970864
0.2741857
0.2409618
0.2148829
0.1589781
0.1871508
0.1830159
0.1692042
0.2643767
0.2341542
0.1719993
0.1938945
0.2241449
0.274874
0.2928736
0.2618963
0.3020502
0.2588843
0.2930934
0.2568402
0.2369486
0.3046351
0.2365922
0.2470488
0.2855673
0.2547135
0.2238257
0.2389204
0.2709502
0.2890328
0.2990123
0.3064634
0.27109
0.3028589
0.3007885
0.2834439
0.3340856
0.3332049
0.3139776
0.3316381
0.3412934
0.3092156
0.3187754
0.2668499
0.2960362
0.279455
0.2226715
0.2651454
0.331822
0.3635212
0.3692744
0.3011372
0.3240777
0.3514703
0.357927
0.3672669
0.4021856
0.4510165
0.4366042
0.419574
0.4221464
0.4090035
0.3713974
0.3762286
0.4110434
0.3942766
0.3284116
0.3496582
0.3120159
0.3336309
0.3138233
0.3441946
0.3096523
0.2741461
0.2469695
0.1906372
0.232108
0.2814385
0.2799389
0.2826702
0.2287931
0.2546159
0.2055076
0.3299819
0.3087612
0.3180684
0.3372955
0.2847968
0.2750606
0.1974459
0.2621709
0.3334578
0.3645954
0.3703352
0.3948909
0.3635688
0.3237392
0.3462633
0.3151788
0.311687
0.3380206
0.2988623
0.2810128
0.309239
0.3010036
0.2747588
0.346989
0.268566
0.2287695
0.3268035
0.2843366
0.2654972
0.2960199
0.2826319
0.3350741
0.3212601
0.3122843
0.2322069
0.2098812
0.2494825
0.3477129
0.3974987
0.3635332
0.3670733
0.4026313
0.379553
0.3961465
0.3788902
0.4439102
0.4206257
0.3975318
0.2982474
0.3212183
0.3255251
0.3254993
0.3397666
0.3562705
0.30178
0.3708928
0.3763428
0.3246844
0.232867
0.2241362
0.261648
0.2336472
0.2827134
0.2832081
0.25208
0.2369003
0.234866
0.2430355
0.2716399
0.3061609
0.3672493
0.3125268
0.2926577
0.282549
0.3526921
0.336499
0.2670381
0.2457629
0.2216532
0.2094969
0.2990679
0.3044081
0.3348488
0.2368332
0.2997399
0.2555395
0.3644284
0.3073597
0.3646318
0.4014505
0.3917728
0.4028482
0.3506317
0.3046119
0.2729899
0.2139921
0.2614857
0.2689293
0.3055182
0.3438547
0.2797508
0.2502798
0.2086511
0.1837061
0.2440948
0.2589637
0.3181632
0.3658362
0.3848411
0.3041702
0.2639543
0.2229251
0.275327
0.2667949
0.2733468
0.2272467
0.2709616
0.2645593
0.2113053
0.1738895
0.1545095
0.138776
0.1465284
0.1939116
0.2427878
0.2884335
0.3272
0.3131144
0.3086535
0.2847746
0.3275249
0.3068195
0.3095923
0.2884585
0.2767745
0.3244533
0.361243
0.3568586
0.3288899
0.2513265
0.2452077
0.2244213
0.1877468
0.2414536
0.3072458
0.319962
0.3083505
0.3192483
0.3135542
0.3277774
0.2906665
0.3230246
0.314391
0.2791683
0.2807646
0.3303053
0.318964
0.3495248
0.3612166
0.3111334
0.2710442
0.2300942
0.2610047
0.2200305
0.1673003
0.2047622
0.2374811
0.2714496
0.2632147
0.2844085
0.2956303
0.2963054
0.3525995
0.391198
0.402938
0.3971506
0.339229
0.3250474
0.2681507
0.2975527
0.2655275
0.2707629
0.3138974
0.3542719
0.4051051
0.3596928
0.2774148
0.2466087
0.2208676
0.1800408
0.1999332
0.2738594
0.302268
0.306136
0.3086404
0.3120521
0.3331904
0.3363025
0.3164956
0.2657751
0.2838944
0.2926459
0.306174
0.2904383
0.3036669
0.3515865
0.4025778
0.395975
0.3795226
0.3505628
0.3036529
0.2714399
0.2950633
0.2765017
0.2746178
0.279656
0.2550645
0.2586454
0.2414302
0.2571648
0.2063328
0.2182171
0.2336834
0.2686355
0.3265319
0.3103283
0.2588828
0.2953948
0.3399628
0.3665805
0.3667415
0.4014336
0.4063461
0.3655905
0.3557829
0.3318481
0.2867017
0.2728309
0.2783798
0.3145941
0.3237776
0.3178806
0.2933712
0.3177459
0.3636493
0.3321748
0.3572458
0.3483516
0.3408175
0.3370592
0.2881542
0.3247023
0.3569424
0.3603237
0.3572219
0.2701539
0.2222478
0.3128174
0.2754232
0.2916851
0.269974
0.2541347
0.2095311
0.1512069
0.2438028
0.2121251
0.2048293
0.1516135
0.2964646
0.3249042
0.2842176
0.3504228
0.3312778
0.3987757
0.4073379
0.3888052
0.4486571
0.4022743
0.4010347
0.4042036
0.4266963
0.4230041
0.4181378
0.396739
0.3028173
0.2890043
0.2973139
0.3357588
0.3437829
0.3158601
0.3214752
0.3462914
0.3586855
0.2751454
0.2668354
0.3097809
0.3322206
0.3417802
0.3820003
0.4173839
0.3814102
0.3635712
0.2659929
0.2309264
0.283639
0.3748694
0.305277
0.3416133
0.3676434
0.4664523
0.4455889
0.4476929
0.4466564
0.4137501
0.3936594
0.3696625
0.3521216
0.3522418
0.3195845
0.2780373
0.2759514
0.3461367
0.3968072
0.2404267
0.2612217
0.3072512
0.3610953
0.3619739
0.3362496
0.2613821
0.29112
0.3137133
0.3578065
0.3348328
0.343766
0.4043724
0.3311387
0.3047693
0.2743971
0.2584917
0.2156206
0.2477984
0.3246904
0.3387882
0.3538219
0.3592728
0.3651364
0.3958946
0.3860564
0.3104168
0.2646748
0.291866
0.2384961
0.2632784
0.3522325
0.322054
0.3621261
0.353846
0.3566183
0.2996652
0.3349132
0.3434564
0.3003586
0.2993891
0.3199765
0.3170776
0.2858415
0.3003083
0.2851747
0.2667335
0.3125817
0.345097
0.3396538
0.3561886
0.3524914
0.3522577
0.3844252
0.4034711
0.3796013
0.373247
0.299605
0.2769536
0.2645444
0.1767069
0.1643038
0.1806209
0.208213
0.275765
0.3145607
0.3007942
0.2602697
0.1841697
0.1406595
0.101899
0.1318548
0.2094479
0.2123016
0.1813578
0.1368162
0.1619743
0.09241257
0.1436045
0.1744769
0.2467365
0.281761
0.3119651
0.3098674
0.3612754
0.3889753
0.4041065
0.4068872
0.3910401
0.3420782
0.2498141
0.273504
0.2760974
0.3360428
0.3352198
0.2975056
0.2961366
0.2606656
0.3126367
0.3521088
0.3861038
0.4309531
0.4124409
0.4166424
0.3652492
0.3617239
0.2844623
0.2452531
0.2344732
0.2766184
0.2900097
0.3327002
0.3483494
0.3853573
0.35595
0.3778552
0.3998073
0.4296147
0.4710868
0.4541951
0.4263493
0.4017613
0.3270653
0.3021282
0.3019388
0.2915507
0.3261961
0.3248761
0.3569018
0.3173055
0.3241123
0.3031721
0.2609174
0.1814651
0.1825087
0.231672
0.1063196
0.1004678
0.1393589
0.1801923
0.2317349
0.2181307
0.1272995
0.2124967
0.173931
0.2023717
0.2844726
0.333241
0.3555955
0.2792524
0.2682401
0.1991598
0.2587542
0.3175889
0.2907036
0.2202861
0.1763967
0.1020289
0.2505728
0.2354726
0.2770601
0.2919777
0.2305847
0.2492174
0.2107616
0.212459
0.2438606
0.2697431
0.2567759
0.2486438
0.2945897
0.3227928
0.3109042
0.3478036
0.3970545
0.389144
0.3909583
0.291437
0.2551381
0.2262868
0.1669638
0.2705449
0.2681247
0.2608085
0.2524662
0.2882127
0.3179791
0.3948663
0.2831028
0.2940133
0.3200123
0.2684814
0.282686
0.1909468
0.2670931
0.3005548
0.2860259
0.2572458
0.2614533
0.3493956
0.3198259
0.2810655
0.3060651
0.3538706
0.2886939
0.3100817
0.3029066
0.2848881
0.2326477
0.2586001
0.2894104
0.2660611
0.2728471
0.3090413
0.3115469
0.3166584
0.2858828
0.2990388
0.3102262
0.2677305
0.3029944
0.2405482
0.2562682
0.2648818
0.2542082
0.2433992
0.271321
0.3222121
0.3748423
0.3547746
0.3178833
0.2573853
0.248403
0.2500481
0.2913024
0.3051609
0.3275241
0.3368932
0.3525928
0.3538188
0.3998666
0.4057635
0.4147508
0.4241753
0.3391313
0.2805547
0.296331
0.2841443
0.2619287
0.2618891
0.2463844
0.2017879
0.3059214
0.2582831
0.2165602
0.2809371
0.3170294
0.3515107
0.34001
0.3293352
0.2861602
0.2259256
0.1832344
0.1925829
0.256897
0.2718749
0.2127694
0.2890136
0.3287446
0.2771473
0.288151
0.327939
0.3006807
0.2786069
0.2650007
0.3683184
0.3318042
0.3224277
0.3221821
0.2302525
0.2185829
0.2580934
0.2575762
0.293703
0.3177091
0.2670038
0.3116201
0.3307655
0.3263566
0.3095512
0.3174107
0.3123086
0.3041789
0.3208236
0.3095997
0.3067987
0.353901
0.3494429
0.377829
0.3965588
0.3820426
0.433869
0.3825004
0.3891391
0.3900361
0.3994376
0.3488006
0.2736288
0.3146271
0.2278208
0.2362211
0.2382961
0.3114337
0.3085446
0.2807058
0.3604957
0.3666369
0.3787014
0.3865283
0.4080204
0.3767872
0.3121677
0.2428479
0.2069504
0.2869965
0.3230153
0.2995513
0.258228
0.2504762
0.2683855
0.2452842
0.222981
0.2359832
0.2849389
0.2845033
0.3182293
0.3418594
0.3596091
0.2666724
0.215728
0.2103553
0.2022171
0.2302447
0.2483052
0.2723762
0.2847727
0.3157774
0.2485547
0.2426809
0.2313845
0.2407617
0.211513
0.2366648
0.2574453
0.2730711
0.2835026
0.336024
0.3073099
0.3188708
0.3198648
0.3268056
0.2982573
0.3100632
0.3016253
0.3368995
0.326889
0.374442
0.4125426
0.4601448
0.4204787
0.3724974
0.3889257
0.3277348
0.3028916
0.3312295
0.318843
0.309866
0.3070822
0.3578039
0.3072456
0.2964028
0.355145
0.3515193
0.3560091
0.3007925
0.2712471
0.2946007
0.2939204
0.3988458
0.3219561
0.2840404
0.2390743
0.1969588
0.2297035
0.1538142
0.1874291
0.2235534
0.2184907
0.2761929
0.2257123
0.2550775
0.2565156
0.2207534
0.2306545
0.289548
0.3211399
0.2929702
0.2827138
0.3441508
0.275581
0.2971372
0.3118202
0.2698219
0.2759559
0.3075456
0.3285551
0.3246243
0.3299629
0.3329428
0.3066773
0.3190526
0.2961624
0.2976992
0.3154993
0.3208607
0.3344323
0.3455134
0.3476249
0.369391
0.3776742
0.4005732
0.3570766
0.3430435
0.2672148
0.2605792
0.2850677
0.294171
0.2853399
0.2276284
0.2896964
0.2932267
0.2755221
0.25485
0.2393451
0.2661346
0.2681016
0.3255955
0.3901877
0.3619677
0.3671733
0.3826763
0.3691116
0.3273648
0.2958883
0.2891329
0.2914965
0.3059362
0.3080754
0.3465853
0.3268782
0.3207559
0.285734
0.2214548
0.2209997
0.2147717
0.1906146
0.2108657
0.2020143
0.2264826
0.2252816
0.263793
0.2653472
0.3267689
0.3052401
0.3002774
0.3038496
0.2488302
0.2140972
0.2814245
0.306871
0.3432373
0.3277308
0.2869155
0.3159081
0.2853629
0.2649395
0.2581427
0.2418391
0.2786367
0.2718846
0.2244023
0.2805304
0.3220278
0.3337541
0.4041457
0.4098539
0.4745142
0.452176
0.4635487
0.5020319
0.4260402
0.3659801
0.3299466
0.2642016
0.3003661
0.3019434
0.3855878
0.3331453
0.3397866
0.3414021
0.3526709
0.3295524
0.3746445
0.322215
0.2984828
0.3301271
0.3136751
0.2992161
0.217266
0.2461719
0.3010457
0.2508811
0.2377849
0.2161461
0.3291855
0.2597068
0.2880098
0.3352431
0.3084862
0.3433153
0.3092715
0.3699908
0.4196683
0.4133748
0.3676448
0.3788101
0.3624281
0.3338545
0.2934349
0.2879388
0.409588
0.3743626
0.3388029
0.2793929
0.2303667
0.2163422
0.220349
0.2179829
0.2436114
0.290749
0.2925198
0.2628732
0.2227255
0.2129648
0.1846639
0.1702844
0.158692
0.1996671
0.1859194
0.2228241
0.289554
0.2444812
0.2589273
0.2781982
0.2700596
0.2664516
0.2678183
0.3033665
0.2659792
0.2225358
0.1787673
0.2286224
0.2640936
0.3289715
0.3342978
0.2748722
0.3124199
0.2666167
0.2959802
0.2822014
0.2956879
0.2937479
0.2468258
0.2538423
0.3165984
0.3397548
0.2832451
0.304096
0.2946326
0.3242893
0.355162
0.3621414
0.3007339
0.3267502
0.3369006
0.3471889
0.3483529
0.3652978
0.3357893
0.3569034
0.3311359
0.3223966
0.3364461
0.1687213
0.2765307
0.3203956
0.3275686
0.2606271
0.2471217
0.3232593
0.3187429
0.3220733
0.2583471
0.2587346
0.3068876
0.2960502
0.3464163
0.3588249
0.3253374
0.3697628
0.3775097
0.3349103
0.2716846
0.2512392
0.3071533
0.3609314
0.2573265
0.1978291
0.180826
0.2386708
0.2084637
0.2212451
0.2438746
0.3079411
0.2470995
0.2591961
0.285943
0.3246648
0.3942834
0.3779668
0.2988502
0.2207005
0.2665479
0.28977
0.1878485
0.1804937
0.1651777
0.2008487
0.2105863
0.1912694
0.2325615
0.2519599
0.3268986
0.3770444
0.3555017
0.3179459
0.2402867
0.2588141
0.2549363
0.3108692
0.2584719
0.222926
0.2425748
0.2926148
0.279531
0.2968306
0.3133214
0.3146352
0.2552371
0.2785035
0.2761352
0.2325814
0.3130681
0.3258654
0.3180287
0.2263108
0.2741191
0.2740001
0.2056519
0.1640393
0.1989043
0.2883267
0.3358022
0.2831752
0.3291923
0.3294232
0.3350794
0.3395438
0.322863
0.2314164
0.2670624
0.2368322
0.2258415
0.2040315
0.2151974
0.2382385
0.2221138
0.2722534
0.2617897
0.1725053
0.1374197
0.2341626
0.2419927
0.2541566
0.2319039
0.2213869
0.2400877
0.2166905
0.2277388
0.3090614
0.285231
0.2556724
0.2068071
0.2054818
0.2466471
0.275705
0.2689812
0.3148005
0.2949392
0.3166307
0.2949758
0.3106742
0.2941764
0.3528193
0.3226533
0.3620398
0.3273166
0.3570528
0.3757635
0.3970723
0.3385643
0.3134887
0.3602564
0.2469149
0.2007172
0.2580011
0.3354855
0.3357534
0.2498992
0.235366
0.27698
0.2893258
0.2845981
0.3127571
0.3578217
0.3144712
0.3199442
0.3142672
0.3561738
0.3251108
0.3098695
0.3607233
0.3639022
0.3345221
0.3135368
0.2985485
0.316035
0.2793232
0.3069747
0.3203469
0.2950891
0.3107773
0.3476878
0.3642269
0.3945299
0.3147671
0.2774974
0.226434
0.1993458
0.1977403
0.2304223
0.2293955
0.2324892
0.2126118
0.2283008
0.2234319
0.2799462
0.3390052
0.3415775
0.3406881
0.346284
0.3237341
0.2954895
0.3121037
0.3009852
0.2487867
0.1744782
0.2584293
0.2390437
0.2189891
0.2497446
0.3202654
0.352773
0.3311584
0.3203086
0.2696424
0.2720461
0.2982096
0.3405084
0.319912
0.437886
0.3310258
0.3428291
0.3258652
0.2815599
0.244731
0.2720102
0.2176882
0.2296514
0.2375312
0.2944991
0.257385
0.3238744
0.3287932
0.3448835
0.3351227
0.3285166
0.2296951
0.2610652
0.2683307
0.300361
0.267892
0.2897513
0.3006524
0.2785036
0.3488905
0.3680868
0.3822414
0.3876955
0.3336287
0.3145719
0.374833
0.3460082
0.3378842
0.2930146
0.2564069
0.2952589
0.2383613
0.2617005
0.3035897
0.2432146
0.266857
0.3283689
0.3253305
0.3656561
0.3511049
0.3159732
0.3936455
0.3565701
0.2802415
0.3412403
0.3968738
0.4191036
0.3826792
0.3249426
0.2641166
0.204349
0.1704676
0.1853385
0.1824554
0.2000432
0.2660857
0.2437229
0.2255775
0.1578213
0.2640926
0.2701335
0.1813043
0.1720792
0.1715076
0.1602969
0.1838205
0.22502
0.2285456
0.1874178
0.1830504
0.1996867
0.225511
0.261969
0.3125621
0.2572116
0.2994368
0.3161206
0.2910686
0.2897417
0.2781933
0.2591643
0.3930305
0.4730678
0.4841671
0.4807747
0.4385479
0.4512641
0.291722
0.2800607
0.3209049
0.2514452
0.3215612
0.3355275
0.2575579
0.2870754
0.2703026
0.3082537
0.3576282
0.354012
0.3630946
0.3697613
0.3426319
0.2539422
0.2304578
0.2860887
0.2992428
0.2231859
0.2323125
0.3075224
0.3235764
0.298522
0.2002255
0.1721512
0.2934624
0.2623823
0.2529512
0.2865372
0.2409413
0.2611021
0.2272087
0.2258919
0.2877438
0.2335633
0.2077193
0.2162145
0.2557844
0.2011315
0.2616345
0.3103667
0.3057064
0.3194992
0.3292926
0.2890991
0.3107143
0.291969
0.3182227
0.3219184
0.3105306
0.2978262
0.3613906
0.3583356
0.3167202
0.2584443
0.2944364
0.2963605
0.2350465
0.2759592
0.2888243
0.2557466
0.2894063
0.2572082
0.3404358
0.2815174
0.336641
0.3638813
0.391736
0.329539
0.3540526
0.3657702
0.3753655
0.3496316
0.3065943
0.2510715
0.2391303
0.2484624
0.205379
0.1898679
0.1992244
0.2034784
0.296091
0.292689
0.3092355
0.3628546
0.290389
0.2534091
0.2990581
0.3000575
0.2837582
0.2788154
0.2579099
0.2672288
0.2596542
0.2857908
0.2607354
0.2848904
0.3133782
0.3147904
0.2419085
0.3098876
0.3145256
0.2839172
0.2767544
0.3319439
0.30438
0.3472192
0.3030198
0.2507731
0.3053278
0.3185873
0.2569997
0.2481528
0.2856248
0.3485829
0.270566
0.1968259
0.1344058
0.2064902
0.2683467
0.3025867
0.3162368
0.2760663
0.2668688
0.2431367
0.2527036
0.2929433
0.2381545
0.2640408
0.2918722
0.2782419
0.2279456
0.2740808
0.3068848
0.3379304
0.248014
0.2604732
0.260067
0.2952666
0.2841556
0.3119483
0.3387458
0.3372976
0.299795
0.3285367
0.364435
0.2958331
0.2890853
0.3161651
0.3450356
0.3249733
0.3173495
0.2617821
0.3343306
0.2477204
0.2690981
0.1932239
0.1982445
0.2725554
0.347923
0.2639289
0.2752456
0.2582545
0.3406438
0.3427841
0.3809544
0.2916717
0.2976992
0.2434619
0.2382209
0.3140369
0.2816144
0.2864585
0.2559833
0.3090746
0.3599079
0.3628203
0.3469675
0.3396155
0.2725753
0.3216311
0.2893687
0.2364957
0.2326463
0.1721147
0.2043543
0.2188871
0.2067647
0.2081557
0.2788409
0.3231623
0.3484814
0.3397172
0.2977013
0.3341834
0.2794267
0.328401
0.3206677
0.3436032
0.3205428
0.3882186
0.3516408
0.3093973
0.3555799
0.3661392
0.3542391
0.3092194
0.3323927
0.3322178
0.3061072
0.3090446
0.3087685
0.2331058
0.2358441
0.1856533
0.1746367
0.2226792
0.2337468
0.1814296
0.2036408
0.2128082
0.2793131
0.2403106
0.2421823
0.2326007
0.1879534
0.2071342
0.2979405
0.3070123
0.2804166
0.278748
0.2668383
0.261783
0.2557571
0.2660093
0.2997302
0.2952583
0.3397224
0.3190447
0.2426696
0.2095164
0.2068176
0.2033267
0.3123311
0.2563855
0.229526
0.176299
0.2070378
0.2091569
0.2687561
0.2227363
0.2020439
0.285126
0.235473
0.2907321
0.3328932
0.342037
0.3948433
0.3781199
0.3266249
0.2773208
0.3665316
0.3720948
0.2941705
0.3243646
0.3453076
0.3723008
0.3635108
0.3059943
0.2075023
0.2300526
0.1770692
0.2749181
0.257851
0.1614949
0.1959625
0.2400012
0.2696656
0.1859721
0.2016565
0.2681854
0.3212156
0.3377278
0.4040569
0.3556542
0.2961825
0.334509
0.3251364
0.3526974
0.3099028
0.1927575
0.1251034
0.1537432
0.1724669
0.2502532
0.2544257
0.2885327
0.230873
0.3090552
0.2706637
0.228467
0.2443574
0.2171279
0.1987748
0.1830581
0.2610666
0.3130946
0.3448587
0.3142367
0.3232086
0.2762111
0.2242197
0.2757648
0.2323324
0.2613324
0.1687956
0.2767745
0.256568
0.2448614
0.3196774
0.3483923
0.3097423
0.282444
0.2783944
0.2360259
0.2078644
0.2049224
0.1800027
0.2954488
0.3134391
0.3303958
0.2949942
0.3434399
0.2235015
0.3417477
0.2923851
0.2901473
0.3517517
0.3032352
0.3337182
0.3063725
0.350297
0.2742674
0.359089
0.3320265
0.3205716
0.3004463
0.3170715
0.292954
0.3323896
0.3335405
0.2527882
0.2244752
0.2172517
0.200472
0.2309908
0.2660907
0.2932226
0.2904641
0.2453912
0.2326824
0.2196852
0.1836283
0.2648569
0.282269
0.3151911
0.2978426
0.3134421
0.303276
0.3719862
0.3585981
0.3342208
0.3354208
0.3437079
0.3022237
0.3232704
0.2641333
0.3015414
0.3022444
0.3325673
0.2974133
0.2371616
0.2277218
0.2666814
0.2922127
0.3007192
0.3356564
0.3668773
0.3447403
0.3612889
0.3343461
0.3449123
0.3535468
0.3034409
0.3360792
0.2604338
0.2653018
0.2316894
0.2364439
0.2099939
0.2662949
0.2735866
0.2598066
0.2440485
0.2784228
0.2720099
0.2446676
0.2728707
0.2671361
0.2267261
0.2202939
0.2959294
0.3236932
0.2706777
0.231778
0.2639696
0.2928498
0.2283788
0.1544093
0.2558486
0.3019245
0.2746757
0.2791328
0.2401661
0.2439813
0.2825137
0.2691833
0.2587081
0.2910179
0.2858047
0.3361139
0.3723358
0.3335712
0.3854151
0.3022797
0.2490583
0.2299999
0.1864218
0.1692997
0.1542442
0.1983854
0.2168948
0.2360631
0.2622132
0.2775605
0.2496754
0.3111418
0.3082253
0.3193674
0.3323638
0.2969239
0.2727979
0.2987144
0.3410234
0.2356832
0.2678256
0.2553324
0.232606
0.3113066
0.3333856
0.3526979
0.3353823
0.3221082
0.3260073
0.3365576
0.3198403
0.3737728
0.3842675
0.4025702
0.4174474
0.4018485
0.3903009
0.2528157
0.1998099
0.2498921
0.2635862
0.2707659
0.3212871
0.3507584
0.3054461
0.3277517
0.3377417
0.3241909
0.3449539
0.3463548
0.3711796
0.3745454
0.2732052
0.2627787
0.2548639
0.2100663
0.229129
0.2235394
0.2921016
0.2996586
0.2438112
0.3097558
0.3406262
0.27592
0.2873655
0.3108822
0.3453817
0.338726
0.3407211
0.3403198
0.3549701
0.3587405
0.345782
0.3894411
0.3395284
0.4329639
0.4262208
0.4388666
0.3791375
0.405353
0.4090671
0.4152464
0.3340239
0.2994611
0.2483271
0.2285042
0.3092847
0.3483682
0.2591782
0.2715693
0.2461972
0.2514962
0.2295386
0.2557288
0.2074429
0.3291711
0.356926
0.323138
0.2479078
0.2193364
0.2426569
0.2345744
0.2494481
0.1815074
0.191545
0.2321862
0.2876709
0.2734861
0.3597364
0.4196489
0.5291488
0.4934331
0.474535
0.4500718
0.3909172
0.3844725
0.2659941
0.2690503
0.2552396
0.2922497
0.3434187
0.320599
0.3384866
0.3573778
0.3383235
0.2796433
0.2861743
0.2570869
0.2387957
0.3043318
0.263692
0.386643
0.4016672
0.3970697
0.3002958
0.2769359
0.231576
0.3066666
0.3109526
0.2889464
0.2843251
0.2611929
0.2439185
0.2705424
0.2616307
0.2663822
0.2333246
0.2787045
0.302707
0.312036
0.2925631
0.2791876
0.3051603
0.3354949
0.2840612
0.3244521
0.2823455
0.2442727
0.1785833
0.1176624
0.1565248
0.1945865
0.2331937
0.2268183
0.2904754
0.321099
0.2691768
0.3469484
0.3308224
0.3720246
0.4082477
0.4001702
0.4251088
0.3814378
0.3584802
0.3399142
0.2916211
0.2900807
0.2964537
0.2894558
0.2265984
0.226232
0.2233314
0.3080954
0.3304372
0.3440332
0.3485796
0.2868477
0.2754029
0.2456842
0.2717722
0.3255274
0.3301319
0.3303139
0.2756048
0.2975945
0.3454512
0.355322
0.3272728
0.297319
0.2985486
0.3526127
0.3730366
0.3019429
0.3861481
0.4669176
0.4645552
0.4265492
0.4313257
0.4532199
0.4187816
0.3703245
0.3229046
0.2743581
0.2617466
0.2794116
0.2190401
0.2584331
0.2899772
0.2342323
0.2661555
0.281684
0.3357626
0.280037
0.2804774
0.2910087
0.2744775
0.2670091
0.2292536
0.2118605
0.2836262
0.24278
0.3258572
0.2798019
0.231189
0.2689714
0.246204
0.2697744
0.2642684
0.2172205
0.203634
0.2495123
0.3323638
0.3186232
0.3377918
0.2682273
0.2959211
0.2932559
0.3101398
0.3065134
0.298508
0.2601042
0.2148295
0.2814476
0.2560272
0.276755
0.3032066
0.3174999
0.3104865
0.3389784
0.3635687
0.3299495
0.3171408
0.2906787
0.2680165
0.2655427
0.3092574
0.3315778
0.3208831
0.3515121
0.3445297
0.3214525
0.2583313
0.2311717
0.2699701
0.2985526
0.3104903
0.2923482
0.3147159
0.3214255
0.2828759
0.3581891
0.3644809
0.3368718
0.3279483
0.3130198
0.2337471
0.2569021
0.2464445
0.3077381
0.3141772
0.3568038
0.3505931
0.3512571
0.3727394
0.3336937
0.2232423
0.234703
0.229502
0.2853433
0.3243269
0.291059
0.2384118
0.2758684
0.2465269
0.2913752
0.2983367
0.2877982
0.3218759
0.2516734
0.2756808
0.2176763
0.2568438
0.2341361
0.2335236
0.2906137
0.2753685
0.2866901
0.2716003
0.2611998
0.2941813
0.2955977
0.3928184
0.354977
0.3745751
0.4457405
0.4561623
0.4069148
0.4129944
0.3132076
0.2552466
0.2823572
0.2572996
0.3041665
0.2484703
0.2619205
0.2254536
0.3142211
0.2711726
0.3367549
0.3366809
0.3236154
0.2938264
0.3277706
0.2820118
0.2696041
0.196412
0.2595681
0.320707
0.2894827
0.3229801
0.3617909
0.3781901
0.3765032
0.3630544
0.3860828
0.4157563
0.3642622
0.3207768
0.3733589
0.3764948
0.3830871
0.3689806
0.3709942
0.3727202
0.3778869
0.3351606
0.322635
0.305385
0.3318715
0.3161652
0.2638316
0.3018843
0.2534088
0.2258135
0.2051171
0.2038261
0.2726702
0.235999
0.3224622
0.3078273
0.3071431
0.2946972
0.3256125
0.3005376
0.3748421
0.3936947
0.313123
0.2327941
0.2851134
0.2851209
0.300354
0.3217021
0.2002245
0.2021504
0.2119227
0.1971478
0.2421601
0.329859
0.2870644
0.3156861
0.2666044
0.2784563
0.2880566
0.2036199
0.189684
0.1740582
0.2598476
0.2241867
0.2367736
0.2890047
0.2702942
0.260302
0.2766154
0.2727633
0.292252
0.2748551
0.3199516
0.3145545
0.2712257
0.3220458
0.2887427
0.3262099
0.2894277
0.2896125
0.3010567
0.3393224
0.3979093
0.3973301
0.3862733
0.3381394
0.325998
0.3537147
0.3707428
0.3248932
0.2995866
0.3091912
0.3051943
0.3424816
0.260897
0.2876288
0.2671442
0.2617214
0.3031285
0.3470881
0.3530167
0.3613115
0.354307
0.3235229
0.3341476
0.2363441
0.2323168
0.1716738
0.1114255
0.203831
0.1883565
0.1493439
0.1773639
0.1737996
0.2114727
0.1719959
0.2523727
0.2803513
0.3130311
0.3545805
0.3218033
0.3645964
0.3392443
0.3681126
0.3042821
0.2552074
0.2566119
0.228196
0.2586431
0.377614
0.219635
0.2413545
0.2736549
0.1619027
0.2106757
0.2762771
0.2797041
0.1946512
0.2600778
0.2733417
0.2636436
0.2541684
0.2600579
0.2410164
0.2114059
0.2554747
0.2043371
0.2220627
0.2195576
0.2697493
0.2815801
0.2058815
0.3193082
0.3387217
0.3280565
0.3369393
0.3257672
0.3188944
0.3295101
0.3280219
0.2784263
0.3664312
0.3127943
0.3369821
0.4099779
0.324138
0.3624587
0.3554425
0.3757217
0.3524066
0.3877174
0.292168
0.2687829
0.2934945
0.2646481
0.2617028
0.2291022
0.1634691
0.1114589
0.167605
0.1992512
0.2912652
0.3196872
0.3725625
0.3538067
0.3703151
0.4624417
0.4562399
0.4879844
0.4505439
0.4319492
0.392367
0.3357588
0.3149401
0.3311672
0.3005555
0.302769
0.3642172
0.2619982
0.2898407
0.2652206
0.2771962
0.179832
0.2970025
0.2696359
0.247855
0.2617918
0.3083143
0.3059987
0.3197567
0.2607665
0.2214103
0.3071219
0.2489313
0.2589646
0.227413
0.2335088
0.2266078
0.2215531
0.2402101
0.1899894
0.2159405
0.2854536
0.2897601
0.292911
0.2726763
0.2314021
0.234129
0.2677837
0.2576956
0.3322456
0.2568885
0.1894434
0.180843
0.1802796
0.2473484
0.3116702
0.3083598
0.3300361
0.2993917
0.2906146
0.3167079
0.311699
0.2847095
0.2440809
0.1216995
0.1547613
0.2607449
0.2067229
0.1719713
0.1901066
0.1493437
0.2259822
0.2252635
0.1924132
0.1735795
0.1921829
0.235311
0.2292869
0.3036298
0.3168159
0.263041
0.2660344
0.2748318
0.2187977
0.2133545
0.208807
0.2304068
0.2326637
0.2411187
0.279175
0.2619392
0.2526157
0.2584439
0.2955197
0.2175531
0.190577
0.2176375
0.241234
0.2357243
0.2838232
0.2938433
0.3140426
0.3789136
0.366937
0.3331
0.2870776
0.3086089
0.31592
0.3054442
0.3259225
0.3199214
0.3300455
0.2479457
0.1775555
0.1988948
0.2287178
0.3454126
0.3466687
0.3061311
0.3223158
0.300092
0.2556567
0.269157
0.2995993
0.3670974
0.327339
0.3318067
0.3008791
0.2248046
0.222405
0.2648287
0.2852805
0.1681222
0.1776513
0.1884237
0.2407417
0.3171436
0.2746234
0.2686913
0.3203872
0.3393293
0.2945838
0.2505537
0.2234252
0.2499116
0.2576556
0.2758854
0.2844596
0.2545967
0.2606467
0.2309179
0.2460888
0.297975
0.2803286
0.2940128
0.2957021
0.2582008
0.2883719
0.3266593
0.3221915
0.2774624
0.2791094
0.2856045
0.2302624
0.2797845
0.3016611
0.3019289
0.3016515
0.3171747
0.3111419
0.2683831
0.3257309
0.3228896
0.2969704
0.4541729
0.4276577
0.4713883
0.4165075
0.3957614
0.3778717
0.3107018
0.3640297
0.3647083
0.3650509
0.338824
0.3716604
0.4254666
0.4055669
0.3771421
0.3140923
0.2381425
0.2751763
0.2647805
0.3004675
0.303659
0.3160861
0.354856
0.3567672
0.372321
0.3380801
0.3608892
0.3316691
0.2798133
0.2978977
0.3220768
0.3375029
0.3778794
0.3862191
0.3699648
0.245052
0.2714122
0.2772283
0.3820778
0.377944
0.335399
0.4218151
0.3924662
0.3575084
0.2940301
0.288812
0.331932
0.3199912
0.2879603
0.2717662
0.2817138
0.3025152
0.2676999
0.2508563
0.289266
0.3463407
0.3182752
0.3089324
0.2739524
0.2524356
0.2485321
0.1901772
0.1891583
0.2012065
0.1412239
0.1344867
0.164929
0.2449014
0.2164326
0.2044247
0.2269906
0.2070411
0.2168685
0.1758227
0.1766014
0.1956253
0.2138108
0.2790213
0.2635854
0.2890714
0.3004817
0.263078
0.3190206
0.2984731
0.2835617
0.2013243
0.1561587
0.2090759
0.2372376
0.2433996
0.2494541
0.2499193
0.2620685
0.2769775
0.280405
0.296406
0.3446164
0.2808211
0.2685372
0.3610276
0.2912947
0.3805175
0.4413646
0.4338005
0.4532136
0.3113967
0.3195799
0.3402043
0.2898797
0.3071972
0.2343545
0.244092
0.3283784
0.3233865
0.2338513
0.2690827
0.2772027
0.2697742
0.2721542
0.2556501
0.2113024
0.2632453
0.2817985
0.2932242
0.3291606
0.3313729
0.3165774
0.2992499
0.2879651
0.2617326
0.3491237
0.3642671
0.3263519
0.267862
0.1960294
0.2488427
0.2762891
0.2589846
0.3089796
0.3401125
0.2949302
0.3248985
0.3226384
0.3038477
0.2421205
0.2491079
0.2750369
0.3157314
0.2583492
0.3273353
0.3897627
0.3826905
0.3571005
0.3189736
0.3213808
0.3613001
0.3167748
0.2732946
0.3297947
0.2546556
0.2847015
0.321514
0.3165575
0.292479
0.3438472
0.306229
0.285891
0.2780871
0.2598775
0.2945399
0.3406889
0.3560281
0.3265095
0.2666928
0.2526007
0.2780233
0.2929209
0.3082117
0.2754754
0.2969766
0.3180306
0.2165497
0.1658013
0.1396697
0.2135569
0.2554927
0.338074
0.3939699
0.5054547
0.4949328
0.4346256
0.3934033
0.323364
0.3210784
0.3866246
0.3823496
0.3729458
0.4454346
0.4429
0.4410318
0.4266988
0.3223732
0.2686281
0.2625733
0.3076777
0.2523348
0.3013569
0.2897909
0.3493919
0.3426046
0.3889965
0.3966003
0.3122188
0.3121324
0.303408
0.2083051
0.2751221
0.2837103
0.1873309
0.2293403
0.2376811
0.1831286
0.2646646
0.3113297
0.2482978
0.2139851
0.1334827
0.1433119
0.1752879
0.222164
0.2459219
0.2652111
0.2760732
0.3076607
0.3179861
0.3136533
0.3218161
0.3114203
0.2983214
0.2909053
0.2830332
0.3263518
0.3418305
0.3666173
0.3607116
0.290457
0.364832
0.3108593
0.2462119
0.2585805
0.2760239
0.2771848
0.2981628
0.3840086
0.3471337
0.294939
0.2613116
0.3147815
0.3072376
0.2372978
0.2563737
0.2333701
0.1958476
0.2040919
0.2292312
0.2226326
0.2262651
0.2304527
0.2334834
0.2238695
0.2054008
0.2056938
0.3000529
0.2892587
0.3675776
0.3444329
0.3045575
0.2305147
0.1958867
0.2631936
0.2156684
0.2542095
0.2068183
0.3390875
0.3903747
0.3437769
0.2256462
0.2690104
0.2490335
0.2326674
0.3012928
0.3172477
0.2593872
0.2859469
0.3353837
0.3382881
0.3448824
0.2438767
0.2014921
0.2101474
0.3412467
0.2875851
0.2597032
0.1828222
0.3032149
0.2829155
0.2755757
0.2400396
0.276267
0.2435121
0.2692378
0.2709157
0.2404416
0.2258367
0.256679
0.2289168
0.3107424
0.3901273
0.3405976
0.2936525
0.3204358
0.3189088
0.4118705
0.3461483
0.2786585
0.2561446
0.1802365
0.2077418
0.2318899
0.2146253
0.2250597
0.2317894
0.2621704
0.2405488
0.2661812
0.3560329
0.298571
0.2662613
0.2635133
0.2441933
0.2598781
0.2613761
0.161015
0.2238517
0.3191728
0.3305343
0.3627106
0.3541354
0.279753
0.2108566
0.3311674
0.2661735
0.242866
0.2470775
0.1955142
0.2228982
0.1895992
0.2236726
0.2184461
0.2210806
0.2506517
0.2653162
0.2408306
0.231825
0.2792537
0.3215833
0.3290335
0.2846757
0.2398123
0.3216563
0.2070549
0.2488555
0.2902242
0.3175353
0.2547035
0.2894025
0.3546847
0.3199018
0.3623716
0.3275108
0.2913963
0.3259201
0.2897138
0.2654303
0.2091955
0.2938573
0.2642009
0.3146297
0.2977158
0.3211213
0.3510103
0.3214242
0.3106095
0.3326866
0.3415925
0.3497313
0.3174243
0.3309969
0.2757752
0.2993156
0.2120623
0.192685
0.1965062
0.2234909
0.2485398
0.2976583
0.3121225
0.3299372
0.3743196
0.3245313
0.2234283
0.236484
0.2829605
0.2941202
0.2493444
0.3264621
0.3699937
0.3395766
0.4140462
0.3948541
0.3344994
0.2600968
0.2802812
0.303498
0.2794532
0.2737516
0.2876205
0.2700444
0.2694021
0.2623105
0.2939216
0.2974303
0.2973837
0.3202803
0.3094568
0.2284565
0.2190072
0.2032462
0.1907187
0.298972
0.3242918
0.3543625
0.2886152
0.210582
0.1963654
0.2323326
0.2405271
0.2719839
0.3381368
0.3438777
0.4085861
0.3450412
0.3182622
0.2869531
0.1833756
0.168429
0.2401292
0.2885998
0.2909635
0.2917142
0.2732572
0.3204616
0.3309835
0.2815414
0.2665861
0.1950652
0.1672382
0.1966606
0.2294989
0.2374903
0.2789228
0.2399587
0.242873
0.2343623
0.2187659
0.286037
0.3013416
0.293425
0.252146
0.2996049
0.2773344
0.2369473
0.25699
0.2923254
0.3371683
0.4004786
0.4133094
0.3366591
0.3017846
0.288903
0.2770964
0.2611525
0.2663006
0.2485469
0.2732805
0.2683932
0.3513298
0.3746846
0.3244566
0.3240701
0.3383549
0.2786742
0.2724867
0.3090705
0.3763074
0.3501937
0.3538177
0.2597563
0.3031528
0.3262761
0.3169539
0.3023589
0.3261939
0.3415445
0.3122409
0.3005294
0.2869786
0.298165
0.3495413
0.3300311
0.3088936
0.3139776
0.2928845
0.2906225
0.3074611
0.3465668
0.3241112
0.3303541
0.2367913
0.2766422
0.2930909
0.288288
0.2797642
0.2997588
0.2637468
0.2711781
0.2912202
0.2721032
0.274335
0.2710651
0.2852408
0.3428204
0.3039992
0.3120491
0.2982396
0.2358304
0.2229352
0.2591454
0.2705722
0.2309225
0.2559689
0.2379626
0.274942
0.2923832
0.2810061
0.2647975
0.290443
0.2795574
0.3231081
0.3290488
0.3269682
0.3444599
0.35114
0.30876
0.3397135
0.324049
0.335233
0.3965847
0.4076486
0.355773
0.274236
0.2345151
0.2508073
0.2347987
0.2260735
0.2151641
0.221578
0.2192422
0.252005
0.1978245
0.2285351
0.2441425
0.3184554
0.2780876
0.3115221
0.2890954
0.3476236
0.2426729
0.2552592
0.2212474
0.2393285
0.2667192
0.2692696
0.2069751
0.1863545
0.2157127
0.1747126
0.1976457
0.2242191
0.2419566
0.2518959
0.2234104
0.204139
0.2393967
0.2044914
0.1799658
0.1308021
0.1704471
0.2377462
0.2698406
0.3428186
0.323709
0.3308587
0.2880873
0.3034609
0.2801913
0.2509315
0.2339562
0.242605
0.3038564
0.3576739
0.3531785
0.3235583
0.3162736
0.3651525
0.421769
0.3860954
0.3043882
0.3478086
0.3005199
0.287947
0.2875072
0.2701092
0.300305
0.2657155
0.2625605
0.2765811
0.2878001
0.2736742
0.3197306
0.3628508
0.3745726
0.349257
0.3666097
0.3660517
0.32304
0.3274808
0.2968068
0.2810123
0.2364442
0.2739657
0.3052655
0.3095657
0.3093872
0.3163533
0.3022407
0.356165
0.3731648
0.3537634
0.3545036
0.3779628
0.3987343
0.3425282
0.3041128
0.274102
0.2144171
0.21878
0.2773218
0.2889548
0.2178754
0.2555743
0.2073783
0.2154402
0.2303705
0.2833869
0.2398729
0.1637993
0.1695094
0.28591
0.2826261
0.2894527
0.2855792
0.1703773
0.2185855
0.3108537
0.2640388
0.2591384
0.3230047
0.261748
0.2700016
0.2790705
0.3116293
0.3431399
0.2409739
0.3348459
0.2370936
0.1529872
0.2397011
0.2703165
0.2531988
0.3046694
0.3514963
0.2739918
0.2779341
0.3426987
0.2813798
0.2759261
0.2551184
0.2554139
0.2061755
0.1920122
0.2507039
0.258536
0.3295436
0.3254239
0.342451
0.2975663
0.2290731
0.2109611
0.1932889
0.2915399
0.3030351
0.3549049
0.3480734
0.3370673
0.3195305
0.2587496
0.2644201
0.2638882
0.2465584
0.2539405
0.2358837
0.3435107
0.3678824
0.3295336
0.2667597
0.2361775
0.2987241
0.3656206
0.3841789
0.3455106
0.2651262
0.2741728
0.3081422
0.2766634
0.3420912
0.3511173
0.2910361
0.3839764
0.3820545
0.4002277
0.3777523
0.405037
0.3738318
0.2763674
0.2456209
0.2226492
0.2430701
0.3068147
0.249503
0.2418884
0.2858998
0.2538238
0.2639284
0.3019309
0.2794544
0.326472
0.3327625
0.3365095
0.3035692
0.1995214
0.1982605
0.1951265
0.2418447
0.2458538
0.2357383
0.2635492
0.2401344
0.2238567
0.2453666
0.2637219
0.1980938
0.2731509
0.2971462
0.3471255
0.2985749
0.3039561
0.3517576
0.3398108
0.3201546
0.2671352
0.2796246
0.2638824
0.2849121
0.2396118
0.3250049
0.3391013
0.318507
0.3476698
0.2992876
0.3646643
0.3633144
0.329588
0.3049771
0.2700613
0.2325397
0.2805441
0.341266
0.3089977
0.3325035
0.3078734
0.3209049
0.2906665
0.305926
0.312326
0.2292662
0.2736141
0.3018375
0.3882899
0.2382277
0.194459
0.2471125
0.3743355
0.4113272
0.3980258
0.4079364
0.3401706
0.3229028
0.259461
0.2676493
0.2553286
0.2411175
0.2311191
0.1679338
0.1832941
0.2092699
0.24685
0.2466439
0.2519962
0.2412043
0.2744364
0.2612531
0.3444062
0.3468582
0.2334824
0.231259
0.2241001
0.2512537
0.2243005
0.2748409
0.4202229
0.4091705
0.3837648
0.3039765
0.2573938
0.2693122
0.3004258
0.3040742
0.3265333
0.2758185
0.288398
0.3065335
0.3135864
0.3278408
0.3224584
0.3875027
0.4200267
0.3679631
0.3609762
0.4035243
0.3277084
0.2505892
0.2497836
0.3055774
0.2918764
0.2962417
0.2726464
0.2830961
0.2726661
0.1843339
0.1334733
0.1469151
0.234309
0.3103802
0.373234
0.3966353
0.3748623
0.4162134
0.4084212
0.3848149
0.3257157
0.3162133
0.3294662
0.3450929
0.3819061
0.3197657
0.2736473
0.2793431
0.2991613
0.3445957
0.3799798
0.3511451
0.3642267
0.3771867
0.3392678
0.3607072
0.3278027
0.3376026
0.2719922
0.3076131
0.3016391
0.2905561
0.3196749
0.4057327
0.3607847
0.3821235
0.3862938
0.382974
0.3181039
0.2690813
0.3489259
0.3459559
0.3295415
0.2538378
0.2762762
0.250457
0.1927806
0.2993255
0.3578237
0.3375728
0.3568025
0.2953882
0.2853844
0.2607889
0.2758854
0.203865
0.2269568
0.2273633
0.2567756
0.2359177
0.254389
0.313026
0.3049323
0.2755333
0.2695228
0.2751291
0.2883772
0.3241395
0.4134936
0.348834
0.2800225
0.2891002
0.3305748
0.3276359
0.3732844
0.3927607
0.3166435
0.2840382
0.2914077
0.270372
0.3233547
0.3811964
0.3290598
0.3060248
0.2756369
0.2076753
0.2253493
0.2369005
0.2188791
0.2453787
0.2926998
0.2753619
0.213309
0.2959377
0.285661
0.3231488
0.3151607
0.3068995
0.285419
0.2977004
0.3373046
0.3252386
0.3010486
0.3214
0.3181601
0.2801273
0.2708301
0.2997906
0.3290288
0.3186576
0.3024656
0.1811658
0.1226862
0.1234435
0.2161016
0.2059126
0.2650421
0.284261
0.3156783
0.356797
0.3909656
0.3284645
0.3054184
0.3570024
0.3185838
0.3255566
0.3512166
0.2886465
0.2436306
0.2527477
0.2581175
0.2731989
0.3567672
0.302884
0.2438118
0.2562969
0.2566164
0.2767072
0.2858123
0.3003858
0.2711573
0.3189683
0.3583756
0.3814248
0.436995
0.4207864
0.454064
0.4362624
0.4320445
0.406604
0.3355525
0.3312733
0.324841
0.2190997
0.249858
0.2176504
0.2681884
0.2371153
0.3268734
0.3240253
0.3380023
0.3236482
0.327312
0.3268943
0.3472159
0.2523344
0.285183
0.2636296
0.2486121
0.2857715
0.2648633
0.3880682
0.3261519
0.2726347
0.2821421
0.3306739
0.3029494
0.2366164
0.2593492
0.2977915
0.2985695
0.340833
0.2435337
0.3248399
0.3190435
0.3412581
0.3655327
0.3409752
0.4022472
0.4102273
0.3639477
0.4472674
0.4408629
0.430441
0.5083739
0.5467561
0.5480526
0.5449626
0.5301261
0.5338187
0.4701829
0.3777352
0.3787814
0.3513814
0.33049
0.3336855
0.3580412
0.4122796
0.3333112
0.288218
0.2772931
0.3057884
0.3259912
0.2749492
0.2763556
0.3411935
0.3647078
0.4129031
0.3874721
0.3658124
0.33534
0.2686021
0.2546249
0.3308556
0.3380262
0.376355
0.3646916
0.3552766
0.3135274
0.2634162
0.3283791
0.3500176
0.3365021
0.3146711
0.2899689
0.2287904
0.2411177
0.2630224
0.3256256
0.4584643
0.4513327
0.4141892
0.3630564
0.2937247
0.2180224
0.1718317
0.1711821
0.1347962
0.1184373
0.1678601
0.1505066
0.1843282
0.3021706
0.233305
0.1441098
0.1027881
0.08646024
0.1442681
0.1616782
0.1979281
0.2146919
0.194755
0.2365933
0.2804472
0.379633
0.3487721
0.3336846
0.2836066
0.2386633
0.1984125
0.216437
0.265602
0.2754786
0.2621146
0.3170891
0.3191497
0.3410487
0.2988981
0.2773947
0.3022343
0.3246122
0.3016541
0.3463543
0.3465547
0.4289293
0.291566
0.1930454
0.2321723
0.145031
0.1369394
0.1962257
0.2218495
0.1922886
0.2391266
0.3096685
0.3470872
0.3755585
0.3653396
0.3412719
0.3550627
0.3640919
0.3265171
0.3511682
0.3948811
0.4209409
0.4373759
0.4323864
0.3898625
0.3966213
0.3963128
0.4040124
0.4146488
0.3915015
0.3259938
0.3395009
0.4005801
0.3839335
0.3113757
0.3397571
0.312539
0.3033909
0.3403209
0.3675056
0.3752641
0.3912392
0.3484287
0.3966942
0.4141645
0.352956
0.3956702
0.3757393
0.3855616
0.344211
0.3401722
0.3129007
0.3301553
0.3091454
0.2950381
0.2629755
0.2665129
0.1908952
0.1847201
0.1318454
0.1350988
0.1977825
0.2547716
0.3094476
0.3001631
0.3243115
0.2952419
0.300741
0.2398711
0.2311666
0.2876725
0.3568172
0.3785906
0.3621234
0.4305706
0.3661744
0.387222
0.3556113
0.3313998
0.3448216
0.3443048
0.3351306
0.3106215
0.3343101
0.2943188
0.2687853
0.3465601
0.4363345
0.306237
0.3086779
0.2952377
0.2791695
0.3242955
0.3087312
0.3080663
0.2411772
0.2675619
0.2538225
0.2088703
0.2220481
0.2566531
0.263402
0.2126613
0.188277
0.2472784
0.2742876
0.2616489
0.2588708
0.2310285
0.257963
0.2562008
0.2917317
0.3292834
0.2909929
0.3023762
0.2975802
0.3408658
0.262959
0.3143388
0.3269632
0.2827919
0.2280639
0.266906
0.2797488
0.2561671
0.2159624
0.2640659
0.274806
0.2739268
0.312689
0.2911214
0.337888
0.2727102
0.2847751
0.3432084
0.3121354
0.2588033
0.2688887
0.3457222
0.3068859
0.311403
0.2948054
0.2931462
0.2443216
0.3259633
0.3061927
0.2885798
0.253579
0.2628259
0.2279501
0.247153
0.2571038
0.2560512
0.3372164
0.3322731
0.3259843
0.3182832
0.2823898
0.3170391
0.3323597
0.2980641
0.2515942
0.2064262
0.2152279
0.1138656
0.1801897
0.1965996
0.2609684
0.2764478
0.245519
0.2184333
0.2076024
0.2862463
0.389835
0.3974437
0.37106
0.3337617
0.3406052
0.3517297
0.2993505
0.2528606
0.220663
0.2466114
0.2405587
0.2353367
0.2138802
0.227884
0.3007991
0.2825753
0.2665549
0.2905938
0.2578558
0.2412049
0.2016697
0.2428355
0.2586961
0.262428
0.2351648
0.2274319
0.3345178
0.307185
0.3074739
0.2807442
0.2029826
0.2565009
0.254773
0.2438317
0.2496426
0.2670176
0.3582043
0.3508075
0.3422161
0.3745564
0.4050682
0.3964568
0.335374
0.3308368
0.2780579
0.2058494
0.2536012
0.3205175
0.3277946
0.3128699
0.309508
0.223935
0.2282405
0.1701316
0.1833543
0.1218497
0.1610576
0.1507629
0.1771577
0.2205468
0.2059935
0.2066079
0.2581506
0.1595077
0.1625723
0.1551763
0.2072907
0.1992712
0.2219843
0.2358574
0.2544279
0.2475635
0.263617
0.2855726
0.3145012
0.3805466
0.3998053
0.4437207
0.4248622
0.4235208
0.4187199
0.3878399
0.3715678
0.3388737
0.3874567
0.3776306
0.3764092
0.3878721
0.3944493
0.4221363
0.4175772
0.3863006
0.4042127
0.3701538
0.320464
0.3531839
0.3704218
0.3734729
0.4284638
0.4393727
0.444337
0.3654159
0.3354889
0.326192
0.2982054
0.2670712
0.3024948
0.3458919
0.3790235
0.3865052
0.3389511
0.2954951
0.3497207
0.3694825
0.3472181
0.3211387
0.3425977
0.3433622
0.3493892
0.3494645
0.3239914
0.3134019
0.2217468
0.2754058
0.2558996
0.2339715
0.2203588
0.2427087
0.2039304
0.2103657
0.1828013
0.289445
0.3070257
0.2957192
0.2163259
0.1565191
0.1792042
0.174406
0.2663843
0.2614597
0.3012557
0.2542167
0.2820346
0.3190066
0.3341099
0.2505537
0.254388
0.264753
0.2485237
0.2935792
0.3455625
0.3638252
0.3933641
0.3335776
0.3289862
0.3904152
0.3030403
0.2733188
0.2967268
0.3281392
0.3161636
0.2513026
0.2149515
0.2397082
0.2752779
0.2653092
0.2467482
0.3066029
0.3267469
0.3060373
0.2563218
0.2651803
0.236539
0.2486728
0.2556086
0.2586186
0.2032315
0.1774792
0.183326
0.2032594
0.2184903
0.1836875
0.2348312
0.3182839
0.2667378
0.281222
0.2353812
0.2987338
0.2053102
0.1221361
0.1215405
0.2020535
0.2619396
0.2876751
0.2864375
0.2471511
0.2877765
0.292401
0.2346366
0.2706506
0.229177
0.1632074
0.2184061
0.2602853
0.2545778
0.3000424
0.3841933
0.3389303
0.3905726
0.365362
0.3739421
0.4113286
0.3979368
0.3816564
0.3592114
0.3287879
0.3226099
0.294904
0.2364806
0.2716567
0.253981
0.2245448
0.2342394
0.3171762
0.289168
0.3354691
0.3492721
0.3200297
0.330259
0.3081992
0.2608319
0.2687217
0.2841974
0.273916
0.2448112
0.3068901
0.2730833
0.2451622
0.2489846
0.2787167
0.268417
0.2844966
0.2909871
0.2607162
0.2744623
0.242516
0.2618509
0.2955462
0.2898362
0.2636423
0.2909393
0.2525723
0.2316154
0.221154
0.2788031
0.2837437
0.2226899
0.2184242
0.3179619
0.2727861
0.2392482
0.2317656
0.2264127
0.2724798
0.2668314
0.2930081
0.3213228
0.3579389
0.3447088
0.3246256
0.3077987
0.3025498
0.2556365
0.2648308
0.2937282
0.3090772
0.308835
0.2490667
0.270194
0.3024253
0.2611854
0.3055761
0.3180976
0.3460148
0.3442172
0.3199168
0.3119522
0.3370014
0.2851292
0.3596235
0.372884
0.3613508
0.3180881
0.3238787
0.3290461
0.3055246
0.2968708
0.2692335
0.3101401
0.3712468
0.4192292
0.3932209
0.3285874
0.3384605
0.3530953
0.406593
0.3231952
0.2317005
0.2378404
0.2166883
0.2158043
0.2354474
0.2765428
0.2873114
0.3023099
0.2742535
0.3280523
0.2761536
0.2923082
0.3013087
0.2860687
0.2594278
0.2028482
0.1811867
0.2104523
0.2731935
0.2962717
0.2439563
0.1779466
0.2497164
0.2428086
0.2467203
0.2878331
0.3075248
0.3604357
0.3147855
0.292508
0.3146358
0.3296333
0.3737726
0.3558333
0.2726162
0.278119
0.2907141
0.2985576
0.2615559
0.3026154
0.3629878
0.3626075
0.3133686
0.3094868
0.2679595
0.2487881
0.2918763
0.2674392
0.3702516
0.3860342
0.3916548
0.393927
0.2876115
0.258616
0.1805391
0.2379624
0.2572434
0.2892162
0.2887749
0.2718816
0.2389355
0.253691
0.2333566
0.246203
0.2818929
0.2632834
0.3008243
0.3920782
0.3923375
0.3813113
0.3524486
0.3483398
0.3934358
0.3335234
0.2916475
0.2704234
0.3576954
0.3033567
0.2800355
0.2445516
0.2003276
0.2927813
0.2856247
0.3426313
0.3838685
0.2878249
0.2426643
0.2331734
0.2548422
0.2746721
0.2075809
0.242835
0.2760811
0.2751958
0.2722125
0.3124039
0.2752118
0.2983977
0.2576836
0.2102834
0.2652483
0.2191435
0.2506046
0.2291353
0.2452522
0.3350708
0.3280624
0.3841504
0.3580487
0.3286539
0.3166672
0.3606541
0.3505159
0.3954154
0.3292583
0.2952011
0.3287025
0.3237249
0.3422206
0.2899163
0.2211042
0.1971432
0.2161899
0.2779674
0.2948567
0.274058
0.2489164
0.2237451
0.2004847
0.2014989
0.2025946
0.2012828
0.1673153
0.1726825
0.1758685
0.1522035
0.2124063
0.2432198
0.2945185
0.2315631
0.1844977
0.143088
0.2296121
0.2928535
0.3375118
0.3899897
0.3927938
0.3894983
0.3561275
0.2870841
0.2814406
0.3017092
0.2773976
0.3081886
0.3113371
0.2400456
0.2148738
0.2729135
0.2826178
0.295216
0.2914624
0.2689159
0.3070254
0.3047858
0.2467414
0.2686582
0.2297192
0.2597298
0.2899095
0.2937158
0.3516852
0.3526398
0.3746834
0.3349735
0.354118
0.3273536
0.2795971
0.2407471
0.2402298
0.2314124
0.2489558
0.188267
0.3135811
0.2638334
0.3272332
0.3278677
0.2662503
0.2076097
0.2655465
0.2757856
0.3056288
0.3077543
0.3279877
0.3000611
0.2884903
0.3367677
0.2831879
0.2478909
0.3014866
0.3230187
0.3618333
0.3887926
0.390016
0.3748393
0.3524335
0.3429833
0.3170762
0.2884512
0.2712824
0.3567101
0.3744038
0.3188629
0.3294201
0.3222391
0.294709
0.2745522
0.3393438
0.3304111
0.3230893
0.2921919
0.2754214
0.3089232
0.2938333
0.3807514
0.4533984
0.3919127
0.338873
0.2894942
0.3209802
0.2930398
0.2117181
0.1912048
0.1652077
0.1511426
0.09499391
0.1589459
0.1245556
0.179747
0.1701274
0.277624
0.2940627
0.2306304
0.1881537
0.1807983
0.2974181
0.3077039
0.2851547
0.3196496
0.3082695
0.3480761
0.3234425
0.3537257
0.4225723
0.3553318
0.3429585
0.371235
0.3097464
0.332605
0.3470426
0.343438
0.2937676
0.2625108
0.2876646
0.2252853
0.2009659
0.3069672
0.2493332
0.2197553
0.2418461
0.2227472
0.2129894
0.2163056
0.2433869
0.2326646
0.3319066
0.2372516
0.258264
0.249844
0.2400405
0.2770542
0.2618951
0.271098
0.2951874
0.3356075
0.2884409
0.2311236
0.1668255
0.2751476
0.3544424
0.3370619
0.288598
0.2307727
0.2138135
0.2314603
0.2551195
0.2686633
0.297929
0.3452192
0.3072276
0.3198915
0.4156894
0.468549
0.3729982
0.4057179
0.3784865
0.3753831
0.3121965
0.2441919
0.2638269
0.2619772
0.3351896
0.3349623
0.2618191
0.3013929
0.2608813
0.3069565
0.3172957
0.2378449
0.2216508
0.2967445
0.264421
0.2769482
0.2613344
0.3372819
0.4563121
0.4544124
0.4057177
0.3032233
0.3120345
0.2235083
0.2179888
0.1784517
0.2071678
0.1707919
0.2648174
0.2538425
0.2538467
0.262183
0.1886731
0.2128698
0.2366422
0.2140724
0.273209
0.3238373
0.349705
0.3461754
0.315144
0.3131515
0.3177799
0.2839221
0.2856679
0.1873276
0.2106298
0.2299382
0.2734012
0.2196005
0.2083272
0.2570816
0.2611053
0.2358003
0.2249926
0.2805969
0.3044513
0.3101495
0.3024687
0.3215378
0.3080451
0.2785891
0.3234406
0.3305115
0.288062
0.2879746
0.2834355
0.3296201
0.3137144
0.328385
0.3579749
0.3434941
0.3360429
0.3711643
0.3490646
0.3288635
0.2765375
0.2515582
0.2635095
0.2474373
0.2714614
0.2804893
0.2247917
0.2804227
0.3400863
0.3615844
0.3393001
0.3718684
0.3653833
0.3865465
0.3708175
0.3465569
0.3195932
0.3384761
0.3372445
0.2994218
0.2484776
0.2154027
0.2403174
0.2021205
0.2515729
0.2428387
0.2709852
0.3223217
0.3842956
0.3785181
0.3221686
0.3286586
0.2969794
0.2381099
0.2563017
0.304769
0.3418007
0.2597989
0.2206548
0.2471099
0.2238
0.2221048
0.2602665
0.2714713
0.2423109
0.2495231
0.2198099
0.2200725
0.2980806
0.3045434
0.2646842
0.3076751
0.252356
0.1965456
0.2808663
0.2238195
0.2117967
0.3095238
0.2584204
0.2200348
0.2714028
0.31007
0.3070418
0.3093526
0.2722699
0.2800999
0.2880753
0.2467339
0.2444959
0.273216
0.2600379
0.2899312
0.3070065
0.3021196
0.2948657
0.3638219
0.287892
0.3607142
0.3810723
0.3089523
0.3218928
0.3376874
0.3194491
0.311082
0.4116328
0.4395687
0.4375002
0.3422237
0.2540508
0.2286915
0.2680709
0.2849903
0.2168931
0.1845955
0.2869454
0.3279907
0.3431016
0.358202
0.2890875
0.364852
0.4370269
0.410465
0.3639801
0.3560729
0.3243689
0.2106888
0.1741293
0.1801194
0.1793302
0.1744053
0.1422101
0.2089241
0.2485113
0.2589595
0.2380731
0.2811389
0.3217298
0.3456175
0.3572864
0.375779
0.3711763
0.3642924
0.3155906
0.2390133
0.2059644
0.2345454
0.2611408
0.250615
0.2668753
0.260157
0.2878027
0.3087351
0.3174605
0.2940759
0.2286627
0.225346
0.280521
0.3011579
0.241638
0.2592323
0.3146826
0.351623
0.3662199
0.365484
0.2782613
0.2816662
0.3824149
0.4093864
0.406039
0.378666
0.2873335
0.2712925
0.2674373
0.3211767
0.3433358
0.3684166
0.3450376
0.2411846
0.2743561
0.2480244
0.246699
0.2289435
0.1626744
0.1593313
0.1083414
0.05858908
0.1175054
0.1262546
0.1766934
0.1824878
0.2230957
0.2067124
0.2011001
0.2194713
0.2661604
0.3134473
0.3335315
0.3313736
0.3825839
0.3541878
0.3970697
0.4507427
0.4830815
0.4607609
0.4002869
0.3682627
0.2927642
0.3421935
0.3960516
0.3497564
0.3308757
0.30389
0.2814917
0.2329067
0.2304278
0.2554364
0.2551561
0.2772398
0.2495814
0.2688919
0.2411096
0.2425394
0.25239
0.294231
0.2778276
0.3104181
0.3173282
0.2454452
0.2991007
0.3245963
0.3758589
0.4023117
0.4200329
0.396483
0.4082748
0.3837866
0.4759146
0.4584098
0.422521
0.3842575
0.3533019
0.3490356
0.3298497
0.3187723
0.3447769
0.3087402
0.2376076
0.2505483
0.213532
0.1885351
0.2905517
0.3197571
0.2715051
0.303504
0.2782275
0.3031112
0.2907797
0.326401
0.3328539
0.3395101
0.3496613
0.3657767
0.282843
0.2694025
0.2940708
0.3153907
0.3009201
0.2790218
0.2985287
0.2753419
0.2550266
0.2322582
0.3038077
0.3622087
0.3327008
0.3112463
0.2855488
0.3184509
0.3282234
0.3311741
0.2852079
0.2397733
0.2260546
0.255788
0.2363197
0.2049381
0.269005
0.2558146
0.2752745
0.2831901
0.2228707
0.2572158
0.1726775
0.1641054
0.1791693
0.2220364
0.1933768
0.2634354
0.3494143
0.397227
0.4252679
0.4338678
0.3974548
0.3996133
0.3657369
0.3569991
0.3484381
0.2910482
0.3057552
0.2776228
0.2525953
0.2532237
0.2215717
0.2128356
0.2262351
0.2832473
0.3124211
0.3803249
0.3528158
0.3652968
0.2930824
0.289203
0.3152861
0.3060742
0.2833478
0.3206517
0.3293536
0.32081
0.3138431
0.3213745
0.2538965
0.259601
0.2587629
0.2638142
0.2821029
0.2816766
0.2888451
0.218575
0.3179083
0.2656539
0.2108924
0.2131472
0.2414995
0.2568082
0.2501511
0.2189604
0.2249439
0.2662893
0.3272736
0.3154254
0.3452712
0.2878838
0.3344691
0.402675
0.3593996
0.306891
0.3060843
0.3082108
0.3008163
0.2456461
0.2606201
0.2848437
0.298898
0.3682819
0.3076241
0.2869748
0.2599043
0.2134506
0.3306547
0.3577277
0.3260431
0.4053538
0.3875135
0.4157846
0.4018095
0.3717871
0.3605772
0.3194639
0.3626296
0.3175005
0.320527
0.279104
0.3213041
0.3879728
0.3479082
0.3510789
0.3884637
0.3692497
0.3966086
0.4282253
0.3978932
0.3796992
0.3479708
0.3117266
0.2448497
0.2277968
0.3174538
0.3240174
0.3072742
0.3380884
0.3139674
0.3103557
0.3483599
0.3877606
0.3964005
0.3272627
0.2948256
0.3146739
0.3863464
0.4153982
0.4230046
0.4237646
0.372806
0.3378202
0.3405029
0.365572
0.3675653
0.3278023
0.3141503
0.3146938
0.3416901
0.3135438
0.238038
0.2584352
0.201562
0.2235962
0.2384401
0.2489729
0.253455
0.2757381
0.3325931
0.3241609
0.2324327
0.2484193
0.2840292
0.2919795
0.2773243
0.2697363
0.2206515
0.1987674
0.1805892
0.1983338
0.2761225
0.3144469
0.3486907
0.3194108
0.2904227
0.2809738
0.3137496
0.3466917
0.342705
0.3587069
0.3199715
0.2559574
0.2970233
0.3237284
0.2906498
0.2954671
0.3644025
0.2742713
0.2660778
0.2117186
0.2389263
0.1996767
0.1694303
0.2092352
0.2486912
0.2702224
0.2976663
0.3089839
0.2447138
0.2909108
0.2988046
0.2776302
0.2972683
0.2866322
0.2822825
0.2787072
0.3090419
0.3454899
0.2738757
0.3213235
0.3109033
0.3469378
0.3449237
0.312389
0.2705165
0.2410067
0.2934203
0.2686332
0.2838777
0.2747539
0.2692271
0.3117292
0.2934865
0.1884768
0.2456034
0.2113522
0.2216169
0.2998883
0.3354962
0.2713989
0.3263849
0.382561
0.3673777
0.3008465
0.210305
0.2387541
0.2301405
0.3252795
0.20678
0.2657986
0.2484672
0.2418326
0.2666287
0.3104996
0.337312
0.2707699
0.2984954
0.2616739
0.2988328
0.3508346
0.3959054
0.4147174
0.3943242
0.3132263
0.2673879
0.2557728
0.2273729
0.2579605
0.265769
0.2628541
0.2801772
0.3054083
0.3856223
0.3877992
0.3959858
0.3624298
0.4054389
0.3630543
0.3479476
0.4203404
0.354348
0.2882124
0.2799177
0.31364
0.3475453
0.3077522
0.2593572
0.2877966
0.263376
0.2537864
0.2655211
0.2574734
0.2008374
0.1681951
0.2656219
0.237819
0.2495394
0.2786854
0.221184
0.256693
0.2755836
0.3361526
0.310016
0.316279
0.2398978
0.3317512
0.2766965
0.3300436
0.3330663
0.2972646
0.372965
0.3009687
0.2153264
0.2753063
0.2057467
0.1988718
0.2301908
0.2737518
0.2351212
0.3038297
0.3498595
0.3700156
0.3174923
0.340752
0.3737212
0.3537131
0.3389081
0.2638476
0.2388068
0.2565851
0.2226173
0.2330521
0.1532363
0.1262165
0.1501975
0.2169913
0.1976261
0.1856873
0.2672668
0.2690651
0.3351485
0.3428333
0.3116763
0.334832
0.2890621
0.3660081
0.3257861
0.3338156
0.2882635
0.2773663
0.2626842
0.196345
0.2390787
0.1865561
0.2693478
0.2855009
0.3001525
0.2478662
0.2515234
0.2475192
0.358712
0.4281642
0.4370121
0.3973689
0.3748685
0.3617421
0.3252089
0.2304293
0.2850712
0.3202528
0.3051096
0.2753755
0.2938585
0.3507568
0.4030253
0.4010594
0.3916478
0.3550586
0.325848
0.3052558
0.259789
0.3434257
0.3168205
0.2522382
0.2322941
0.2293011
0.2691743
0.2570882
0.2524227
0.2384744
0.276984
0.3105669
0.3283803
0.3289384
0.257803
0.2445589
0.2814373
0.321089
0.3114405
0.2795262
0.2217451
0.320452
0.3480681
0.3583738
0.2976515
0.3122778
0.3256378
0.2538985
0.2582031
0.270158
0.2514079
0.2238003
0.2025299
0.2110231
0.1563395
0.1588026
0.2148994
0.2656243
0.2312914
0.2337007
0.2311028
0.2753328
0.2771479
0.3483244
0.355558
0.3370703
0.3048095
0.2999955
0.2859758
0.2657295
0.273178
0.2014017
0.1866178
0.224151
0.2612429
0.2086063
0.2265007
0.2068977
0.1769508
0.2033583
0.2601952
0.2879609
0.2986994
0.3590879
0.3174057
0.3250406
0.2934154
0.2849424
0.2915245
0.3007338
0.3246517
0.2513529
0.2110346
0.2819072
0.3406868
0.4039277
0.3230903
0.3062331
0.3875463
0.4034088
0.422376
0.381321
0.3781667
0.3243506
0.2453106
0.2583746
0.259009
0.2803657
0.3208299
0.2631918
0.2722822
0.314636
0.3650515
0.3925261
0.3727697
0.280116
0.3867674
0.391405
0.3591659
0.3370675
0.330967
0.2745409
0.2449696
0.2885183
0.3374432
0.3173491
0.2795347
0.2995124
0.3067711
0.2933757
0.3070838
0.2541803
0.231389
0.2748476
0.2870328
0.2399216
0.3265121
0.3475728
0.3640369
0.3878469
0.3225412
0.3531262
0.3582708
0.3187116
0.2875369
0.2864565
0.2251074
0.2257141
0.2232243
0.223161
0.2482215
0.2398545
0.2821168
0.3681466
0.3920385
0.3511899
0.3522097
0.3455083
0.2792457
0.249207
0.2222892
0.2366813
0.3018711
0.3263635
0.3051547
0.2921481
0.3019872
0.3842042
0.3841329
0.3041305
0.2755904
0.2354954
0.2870823
0.3428196
0.3364004
0.3753719
0.4197591
0.3948153
0.3430847
0.3294045
0.2748123
0.2719269
0.3898732
0.2841718
0.3364105
0.2854613
0.246213
0.2601817
0.2797829
0.295117
0.2176515
0.24762
0.2056838
0.2247275
0.2418583
0.2364491
0.2896469
0.3268842
0.3416094
0.3635294
0.384865
0.3151144
0.3182909
0.3179859
0.321918
0.3322275
0.3548456
0.3618453
0.4134646
0.3458566
0.2992073
0.3386232
0.3287826
0.3688062
0.4219891
0.4831336
0.4508857
0.4492344
0.4111012
0.434246
0.3978418
0.3826851
0.4100469
0.2624616
0.2839254
0.3110867
0.2972509
0.3552626
0.3577206
0.3050207
0.2625984
0.2383046
0.2838654
0.3559729
0.350172
0.408299
0.3525885
0.2732065
0.2848774
0.3223408
0.2710391
0.2600912
0.3724287
0.3539774
0.324649
0.3604304
0.4017968
0.4343185
0.3357815
0.3438014
0.2723241
0.2836917
0.1837938
0.2786515
0.2852627
0.2620944
0.2055163
0.2139868
0.2123974
0.2603972
0.2416035
0.2677683
0.3162654
0.388672
0.3861081
0.3684998
0.379371
0.3251682
0.3856055
0.389824
0.377538
0.4158278
0.4148516
0.379252
0.3825358
0.3711686
0.3875281
0.3613968
0.2871773
0.2257446
0.2229307
0.2593424
0.1692879
0.1859668
0.1130322
0.09814917
0.1158125
0.2317565
0.2654323
0.2699909
0.3110635
0.2698756
0.2861992
0.2775431
0.275696
0.2654147
0.310933
0.2980683
0.3153762
0.3045072
0.2855005
0.2247867
0.2519809
0.1599019
0.1477997
0.1730871
0.2075073
0.2041139
0.1881197
0.1684061
0.2227492
0.1833363
0.260133
0.3137286
0.3558583
0.3358249
0.2905765
0.2629229
0.3150491
0.3189916
0.3441369
0.3057047
0.326287
0.3608048
0.348516
0.2987487
0.3383243
0.2953701
0.3151628
0.3519538
0.3580081
0.367512
0.345507
0.2638415
0.2834291
0.2973614
0.3239596
0.3564886
0.3579923
0.3590977
0.3423391
0.329652
0.3256141
0.3907527
0.3814402
0.3565046
0.315402
0.2903875
0.2955168
0.3089592
0.3384542
0.2874985
0.3095423
0.2804749
0.2656499
0.2630808
0.234276
0.2355335
0.2885153
0.2983579
0.2178546
0.2753447
0.2766637
0.2947097
0.3776357
0.2829907
0.2640952
0.2595858
0.2362779
0.2572957
0.2880488
0.3216303
0.306814
0.2981374
0.2496938
0.2963026
0.3684296
0.3933749
0.2990317
0.3155636
0.3315361
0.3591371
0.3265083
0.3495005
0.3767914
0.3096043
0.2953781
0.332408
0.3371126
0.344898
0.3132945
0.2929319
0.3118567
0.3132004
0.355564
0.382221
0.3078267
0.3149392
0.2730541
0.2704884
0.230701
0.2456145
0.2285066
0.2196771
0.2742167
0.3193406
0.3239201
0.2754976
0.3002108
0.2619706
0.3402769
0.3314357
0.3115022
0.335528
0.2868918
0.3198984
0.3000685
0.2637501
0.2930796
0.3445079
0.3583515
0.3762155
0.3672846
0.3654357
0.3562663
0.3230053
0.3376691
0.3098003
0.3581448
0.3562463
0.3936464
0.3583813
0.3003361
0.291434
0.2895842
0.2918114
0.2588823
0.3018615
0.3200011
0.3026263
0.2913954
0.2726443
0.2735932
0.2824593
0.3049588
0.3575777
0.4286938
0.4481227
0.4310299
0.3952242
0.413322
0.4308017
0.4021213
0.2854516
0.3076905
0.2730137
0.2558771
0.3127333
0.2495699
0.229578
0.2697119
0.2777896
0.2544417
0.2776457
0.3421043
0.3070689
0.2654296
0.254588
0.2960655
0.3228873
0.2640563
0.2766593
0.2538033
0.21872
0.2411753
0.2801227
0.2135107
0.1778434
0.2336902
0.2597251
0.2670254
0.227
0.2990787
0.2375143
0.3023456
0.3041668
0.3195908
0.3765483
0.3123674
0.2935847
0.3572936
0.3399652
0.3044562
0.2852128
0.2593797
0.2842842
0.3418687
0.2889028
0.2793417
0.258508
0.1802875
0.221346
0.2197117
0.2682381
0.2450344
0.1873131
0.15085
0.2179323
0.2910553
0.3318674
0.3757405
0.3747156
0.3397677
0.2725969
0.3300696
0.3643969
0.4017512
0.4674606
0.4011428
0.4088746
0.3995331
0.415764
0.3476051
0.371992
0.4159679
0.3874684
0.3823048
0.4177504
0.4050374
0.3892458
0.3983755
0.3289257
0.3232186
0.2682752
0.2693285
0.2280567
0.2801654
0.2519926
0.2677335
0.3355066
0.3410805
0.3581472
0.3880367
0.3973771
0.3820047
0.3307649
0.2890256
0.3325392
0.406442
0.3760366
0.3577257
0.3421674
0.3649139
0.3165123
0.2947821
0.2598436
0.2829614
0.3667303
0.3523423
0.3643305
0.3657228
0.3858641
0.354499
0.3800195
0.4169293
0.4258061
0.4118373
0.4023038
0.3953617
0.3835457
0.3817441
0.3917434
0.3932884
0.3849814
0.3696256
0.3622445
0.3756383
0.2972987
0.2732705
0.3298294
0.3283882
0.3195952
0.3125028
0.2809443
0.3087591
0.2780776
0.2769074
0.2364969
0.2579944
0.3164952
0.3414537
0.3395568
0.3331136
0.3707769
0.3219534
0.2842568
0.28698
0.2516428
0.2460669
0.2732892
0.227808
0.2521698
0.2960593
0.3177961
0.27834
0.2928867
0.3188239
0.3443355
0.3302327
0.3668274
0.3535258
0.3519431
0.310985
0.2889876
0.252535
0.2324736
0.2908892
0.2636298
0.2823512
0.2709673
0.2388512
0.2464071
0.287472
0.2996318
0.3147493
0.3163792
0.3841977
0.3447413
0.2949637
0.2975165
0.2742727
0.2790809
0.3036907
0.299685
0.384526
0.3736672
0.3510924
0.3316799
0.3496408
0.3733091
0.3600258
0.3511271
0.3690835
0.284019
0.3103258
0.3078234
0.2720912
0.2579779
0.3251127
0.2459393
0.2805001
0.2414711
0.2738714
0.2817687
0.2241212
0.2286148
0.2520908
0.2363218
0.2883766
0.355194
0.3467732
0.296435
0.3293401
0.3339769
0.323912
0.2577406
0.2572211
0.232705
0.2284142
0.2837331
0.3044533
0.2374872
0.2570722
0.2634637
0.309982
0.3035921
0.3090547
0.3204167
0.2857778
0.2497617
0.2558134
0.2263314
0.2339566
0.2557673
0.2783236
0.2739665
0.2632925
0.2479347
0.1865978
0.1771355
0.190876
0.2532985
0.2448959
0.2946529
0.3177146
0.3299479
0.2912181
0.2956742
0.2638636
0.3165736
0.3359092
0.3350771
0.3196649
0.345284
0.3306831
0.3758478
0.3436713
0.3487135
0.3667963
0.3646968
0.3484243
0.2802545
0.2828878
0.3505995
0.2959165
0.3006011
0.3590851
0.3775344
0.3344714
0.3366875
0.3174342
0.3181633
0.3261458
0.3350266
0.3339305
0.3529974
0.3840983
0.4120113
0.4045456
0.4086919
0.3682706
0.35647
0.3664873
0.318192
0.3171353
0.3021984
0.3066496
0.3878681
0.4023854
0.4089345
0.3146767
0.2913547
0.2895807
0.2392326
0.2190843
0.2661761
0.3482423
0.3870412
0.3104062
0.3203633
0.3230387
0.3257442
0.3678544
0.4041867
0.3168398
0.2775049
0.2687284
0.2853896
0.3005861
0.2833242
0.2636388
0.3193891
0.3220178
0.3684006
0.3337154
0.3894053
0.4085095
0.3949118
0.3338386
0.3096987
0.3018342
0.250446
0.2177079
0.1496752
0.2153396
0.2461642
0.2716384
0.2573716
0.2488684
0.232319
0.2378328
0.2714952
0.2751423
0.2652547
0.2458531
0.2386192
0.2318662
0.2175937
0.2171326
0.2443862
0.2590194
0.3308964
0.3196283
0.3227898
0.3309374
0.334408
0.3176201
0.3648145
0.3232915
0.3138545
0.3200602
0.3225495
0.3520972
0.2839479
0.3030086
0.3335175
0.3356512
0.3658287
0.3439897
0.3331103
0.3044667
0.3457554
0.3388611
0.3328088
0.3233061
0.2916041
0.3506158
0.3504299
0.3772562
0.3806656
0.4120125
0.3838171
0.3521446
0.3616567
0.3218685
0.3140304
0.2980659
0.2536044
0.3060794
0.2498351
0.3086755
0.3072149
0.3613687
0.3819857
0.4132971
0.4464164
0.4197867
0.3968056
0.4121691
0.4045765
0.4219342
0.3918781
0.3940116
0.3385343
0.3505827
0.2700391
0.292821
0.257446
0.2312578
0.2556466
0.2762615
0.2629138
0.2209165
0.2854481
0.302907
0.3278054
0.375342
0.3933757
0.357168
0.3134334
0.314053
0.348022
0.3427835
0.3345833
0.366531
0.2969778
0.3050509
0.249233
0.2977072
0.3158559
0.2258756
0.2209267
0.2305228
0.2685481
0.3091127
0.3040512
0.2896013
0.2624602
0.2422014
0.2404455
0.2916982
0.3072536
0.3050054
0.268794
0.3007073
0.3465397
0.3051924
0.2577374
0.2440671
0.2231474
0.3200729
0.2761073
0.2962502
0.2977749
0.3320562
0.3617311
0.3324325
0.33836
0.2262869
0.1554525
0.1716689
0.2457094
0.3259957
0.2880875
0.2708801
0.2914664
0.2754561
0.2387481
0.3437428
0.3721185
0.4232612
0.4503884
0.4718217
0.3778452
0.3344387
0.3069339
0.2863142
0.2692451
0.2841769
0.2465405
0.2197448
0.2116767
0.2135443
0.2221982
0.2359305
0.2887425
0.2223011
0.2585031
0.2876403
0.301785
0.3815765
0.3373119
0.3337628
0.3185865
0.2943236
0.2777394
0.2372355
0.3034304
0.325685
0.2496976
0.252913
0.2680121
0.2790854
0.2872167
0.2604497
0.2616367
0.2725602
0.3216142
0.2977036
0.2993799
0.2098865
0.285864
0.3045966
0.2580127
0.2802969
0.2061155
0.2478213
0.2458201
0.2437795
0.2806495
0.2211566
0.2711683
0.219447
0.1973658
0.2210916
0.1869872
0.2442584
0.2579481
0.2954312
0.3102721
0.3316537
0.3926536
0.3576389
0.3336479
0.366402
0.392306
0.3808677
0.420243
0.3888475
0.3831727
0.386486
0.3951984
0.4360781
0.4384763
0.3434146
0.3054934
0.3038799
0.3194901
0.2270728
0.2083384
0.3371232
0.3838191
0.3517213
0.2718598
0.3014186
0.2879897
0.2813286
0.2913205
0.2338733
0.2163812
0.2787698
0.3264198
0.3068991
0.3074937
0.3516703
0.2983293
0.2797709
0.270659
0.2577664
0.2369699
0.2008038
0.210722
0.2463303
0.2473709
0.3238601
0.2759372
0.3092504
0.281982
0.3081646
0.3105593
0.3574521
0.3775563
0.3865167
0.3644804
0.3750356
0.3438944
0.3142269
0.2891027
0.2900262
0.2448826
0.2844521
0.3048174
0.2814595
0.2417115
0.2859127
0.2892429
0.3221782
0.2567809
0.2940818
0.2474384
0.2831312
0.3358569
0.2890764
0.2118656
0.1881104
0.2221327
0.258123
0.2908452
0.3311369
0.2495875
0.3228324
0.2768684
0.2632475
0.321315
0.2969558
0.3353314
0.3180849
0.2994285
0.2911727
0.2470083
0.2350202
0.2158403
0.214917
0.2809771
0.3280121
0.2909781
0.2990055
0.2859081
0.2725267
0.2899955
0.2941115
0.2711032
0.2986212
0.2975678
0.2885878
0.2484743
0.2243591
0.2648282
0.2927997
0.3167068
0.3233269
0.3456663
0.3417005
0.3129048
0.2678969
0.2334623
0.328
0.3790248
0.2852063
0.3089291
0.2681253
0.2886136
0.2158491
0.2322015
0.276229
0.2456572
0.2581184
0.2472379
0.2501283
0.2203583
0.2606519
0.2538841
0.2848685
0.3064717
0.271979
0.2128548
0.1859202
0.2576927
0.2896908
0.2678649
0.3381719
0.3352372
0.3659307
0.2463797
0.2209559
0.192739
0.2702138
0.265493
0.3241978
0.4002029
0.4069429
0.4295228
0.3621604
0.3466453
0.3431299
0.2951513
0.2877636
0.2343181
0.2618703
0.3388843
0.3122731
0.2769128
0.272181
0.257801
0.2511702
0.3020023
0.284556
0.3372902
0.3697716
0.3278769
0.2903387
0.2751684
0.2865629
0.3319794
0.2732728
0.3538781
0.3278482
0.2680504
0.303906
0.3461995
0.3308376
0.3041348
0.2318241
0.2666113
0.2203983
0.3008737
0.2947591
0.2810063
0.3453871
0.3527493
0.3659059
0.3196987
0.2807383
0.2786585
0.219924
0.2950887
0.2882483
0.3226871
0.2935789
0.2937376
0.3024899
0.3480808
0.2924634
0.351468
0.2847666
0.3025888
0.3101956
0.3294939
0.2929841
0.3057125
0.269138
0.3362875
0.3523769
0.3636773
0.3634949
0.3710794
0.3541981
0.3043878
0.2648302
0.306203
0.2605147
0.244242
0.2410545
0.262438
0.2924432
0.3119301
0.3443235
0.3640273
0.4257152
0.40843
0.4048415
0.3588563
0.2621257
0.2888352
0.2928413
0.3658578
0.3628937
0.3602903
0.3652542
0.3016855
0.3067983
0.2461647
0.3093556
0.3179165
0.304441
0.278818
0.3799917
0.3208323
0.2891466
0.3335304
0.3340248
0.3247158
0.3028638
0.2657089
0.2408878
0.2783419
0.2772851
0.3051307
0.2891788
0.2953824
0.3113539
0.2912793
0.3289674
0.3298977
0.3424097
0.3510152
0.3368053
0.3242385
0.3478157
0.3336702
0.3318798
0.3700427
0.3854248
0.3684577
0.3228917
0.3606493
0.3534912
0.3136645
0.2765428
0.303036
0.2532293
0.2381455
0.2196682
0.2823222
0.2672617
0.2431058
0.2236127
0.2841758
0.2137775
0.3000476
0.3363509
0.3400185
0.3401106
0.3440497
0.3553451
0.329189
0.3434329
0.3600693
0.2831041
0.2281002
0.2237307
0.2062451
0.2346648
0.2899446
0.3399174
0.3575716
0.3080454
0.3154528
0.2884931
0.2692592
0.3164047
0.3508663
0.3124668
0.311119
0.3049858
0.4079652
0.4318546
0.4073215
0.4116166
0.3826531
0.3877571
0.3505587
0.3650238
0.4343017
0.3990014
0.3768526
0.3419917
0.3211447
0.3394819
0.3458714
0.3289942
0.2564603
0.2437802
0.28109
0.2923483
0.2983149
0.2858774
0.3104472
0.2887741
0.3039705
0.3062387
0.2957496
0.2871279
0.2427395
0.1732426
0.1457952
0.1868778
0.2250164
0.2832902
0.22927
0.2880584
0.2567572
0.3174784
0.2664752
0.3011162
0.2933122
0.2587341
0.3054714
0.3545883
0.3675061
0.3522122
0.3683318
0.3593893
0.3192826
0.3315027
0.3646304
0.3543849
0.3350243
0.3178086
0.2869241
0.2604264
0.32987
0.3099419
0.2590844
0.2755407
0.2807177
0.2839288
0.3669235
0.3138159
0.2338317
0.1871025
0.2863831
0.1885527
0.2629428
0.2369177
0.1988247
0.2687409
0.2601392
0.2571054
0.2466982
0.2750828
0.2390972
0.220315
0.1718108
0.1554199
0.1766423
0.2072342
0.2490301
0.2680498
0.2453782
0.2393119
0.2736077
0.3732675
0.2604337
0.2653823
0.2232338
0.2360498
0.2338146
0.203435
0.2676867
0.2533207
0.1975457
0.2296858
0.1851464
0.186091
0.2402237
0.2892777
0.287183
0.2715574
0.2236505
0.1754307
0.1820232
0.1733781
0.1119248
0.1941063
0.2557721
0.2518286
0.3063342
0.2839384
0.2568762
0.2976559
0.2723878
0.3268512
0.3388794
0.3598662
0.4625844
0.4525845
0.4204462
0.4006219
0.3796523
0.3717635
0.4113234
0.3411994
0.3907388
0.3515403
0.3128273
0.2871313
0.2853787
0.2916087
0.3220234
0.3514504
0.3635876
0.3392644
0.2677925
0.2563914
0.2683792
0.3052199
0.2766099
0.296529
0.3272909
0.3766792
0.370742
0.2593742
0.2777905
0.2381406
0.2925325
0.2383738
0.2987277
0.2125966
0.2614146
0.2192314
0.2581868
0.264791
0.2580623
0.2679592
0.3001763
0.3345583
0.3339917
0.3304593
0.379285
0.3405074
0.4031651
0.3963328
0.3244142
0.3046729
0.3424192
0.3468119
0.4163431
0.4324871
0.3946505
0.3698887
0.2849977
0.313966
0.2471525
0.3440622
0.3291692
0.2717531
0.257631
0.2385157
0.2978393
0.2575727
0.2798197
0.3448191
0.3297595
0.3670745
0.3967119
0.3485411
0.3136912
0.3316294
0.2845589
0.2353897
0.2256716
0.2804047
0.2731894
0.2655199
0.294512
0.3691565
0.3505185
0.3679551
0.4251581
0.3899385
0.2909758
0.2783355
0.3257112
0.2784074
0.257747
0.2446589
0.2113159
0.1312407
0.1599995
0.1768991
0.1396169
0.1988348
0.1774746
0.1717111
0.1758581
0.2741452
0.2646995
0.2866624
0.2755218
0.2904507
0.3931536
0.3258725
0.2739967
0.3209746
0.2862461
0.2241912
0.2239556
0.2228586
0.3313863
0.2677256
0.2366905
0.2066863
0.1441685
0.1434861
0.1276926
0.2467706
0.3256231
0.3208012
0.3240978
0.3502354
0.3491306
0.3410952
0.4387016
0.4309243
0.4662665
0.4369465
0.3986347
0.4111326
0.3957631
0.3847641
0.3704921
0.3515093
0.2366684
0.2067208
0.2191438
0.2583219
0.2499135
0.2226344
0.2862008
0.3293777
0.3410004
0.3424069
0.3419657
0.2639826
0.3150735
0.3490474
0.3361408
0.2554582
0.1677563
0.1995541
0.245281
0.3140781
0.3670686
0.3572762
0.3057155
0.3278153
0.3099531
0.2639616
0.2192388
0.2034706
0.1712243
0.1974862
0.2162264
0.2452495
0.2869339
0.2311827
0.2271573
0.1965318
0.2017207
0.2659677
0.3436039
0.3774614
0.3383435
0.3079852
0.275573
0.2673588
0.2750869
0.2010285
0.2793305
0.3037164
0.227709
0.2288115
0.2332941
0.2664107
0.2278749
0.2295278
0.2642821
0.2774495
0.2619777
0.2696193
0.3559567
0.3418824
0.2919179
0.263355
0.2302183
0.2414481
0.286125
0.3210013
0.3552161
0.3546047
0.3166011
0.2945866
0.3118218
0.3072715
0.2902569
0.2036098
0.186395
0.1912349
0.2244438
0.1700505
0.2105014
0.2723144
0.294307
0.2799917
0.222702
0.2708448
0.3262333
0.3047255
0.3147601
0.4028437
0.419477
0.3899757
0.3365551
0.2969519
0.2412864
0.2348544
0.2268402
0.1834761
0.2243215
0.1891512
0.2437829
0.274748
0.2549902
0.2297259
0.2034757
0.2744652
0.2845437
0.2788587
0.2902717
0.302587
0.3460231
0.3460178
0.4013839
0.3801022
0.3583234
0.3630837
0.3225506
0.271064
0.2637142
0.235967
0.224915
0.2352651
0.2734566
0.2280032
0.2345427
0.2434471
0.3753557
0.3448176
0.371676
0.3475091
0.3201353
0.3133772
0.2932888
0.3363173
0.2860508
0.2380846
0.1913103
0.292586
0.2822931
0.2692969
0.2775436
0.2949915
0.2837391
0.3469511
0.3725222
0.3139653
0.3561616
0.344887
0.2712099
0.1996402
0.2605513
0.2198269
0.1698704
0.2236447
0.2213123
0.1676472
0.1946243
0.2499467
0.3154908
0.3560893
0.342559
0.2538531
0.2763206
0.269618
0.3407698
0.3335523
0.2792486
0.2818135
0.2462959
0.2150426
0.2459867
0.2339027
0.2027088
0.2582847
0.1455759
0.1818891
0.2414997
0.2655859
0.2501004
0.3104874
0.3235167
0.3075504
0.3114449
0.3064039
0.3009083
0.2394258
0.337562
0.3353912
0.345814
0.3322531
0.3650537
0.2949993
0.243161
0.2534718
0.2383679
0.2950832
0.301925
0.2691896
0.2581924
0.313466
0.2946221
0.3287836
0.4046639
0.3630692
0.2648799
0.1955677
0.1293395
0.2279787
0.1540985
0.1522865
0.1770904
0.1169571
0.1866942
0.2664008
0.303712
0.292897
0.2475104
0.2717146
0.3165049
0.3326354
0.2492545
0.2221328
0.230076
0.2106904
0.3350806
0.294646
0.209823
0.2286245
0.2555586
0.3271579
0.3394741
0.3535756
0.3024577
0.2565159
0.2726571
0.2090348
0.2034006
0.220108
0.2286102
0.2589013
0.2374897
0.2578606
0.2481158
0.227489
0.3014491
0.2857516
0.3174711
0.3323922
0.3591014
0.3460098
0.3258377
0.3375848
0.3546544
0.3063871
0.3187715
0.25849
0.2965794
0.3426503
0.3328528
0.2931422
0.2799357
0.2546066
0.2511652
0.2237184
0.2020335
0.1980569
0.1773036
0.2350864
0.2777582
0.3034231
0.2897423
0.2422969
0.2921492
0.3368012
0.3366536
0.3707612
0.3651987
0.3517424
0.3282221
0.3720693
0.3607016
0.3408794
0.3365508
0.3697431
0.3206051
0.2594073
0.2279099
0.1902654
0.2449025
0.2858615
0.325162
0.3465541
0.3346122
0.38411
0.403823
0.3932965
0.3477159
0.2819934
0.2784068
0.2769524
0.2249658
0.220181
0.1968578
0.2238589
0.2411602
0.259672
0.2390676
0.2615033
0.2417372
0.3109041
0.3654338
0.2835038
0.3423235
0.3406141
0.3960657
0.3928387
0.4291158
0.3520577
0.3453561
0.3247487
0.3596154
0.3943422
0.401479
0.374331
0.3793683
0.3479449
0.2728417
0.2213431
0.2257877
0.1782458
0.2066008
0.25406
0.2527932
0.2211559
0.2135202
0.1722696
0.1561381
0.2139722
0.2275234
0.2738503
0.3286278
0.2779504
0.2830993
0.2574618
0.2696663
0.2288014
0.2243592
0.2174968
0.2727393
0.3004403
0.3359844
0.3392637
0.3128761
0.1946587
0.2569847
0.2260401
0.2794778
0.2933887
0.2941559
0.2613975
0.239841
0.2398595
0.255335
0.2366896
0.2003756
0.2494409
0.3193174
0.2929626
0.2946998
0.2496352
0.2707367
0.2449441
0.2478157
0.2549276
0.2421872
0.2553693
0.2727069
0.3312709
0.3660118
0.327586
0.3297816
0.263051
0.2705078
0.2786047
0.2777672
0.2454566
0.3823879
0.3326434
0.2046312
0.2219144
0.2161066
0.3044673
0.3047845
0.1956915
0.1714056
0.2251917
0.2071577
0.225637
0.250887
0.3233411
0.2600777
0.2852954
0.2946897
0.2856438
0.3180377
0.3485465
0.3717781
0.3439859
0.3417786
0.3645681
0.3390337
0.3376655
0.3087257
0.3120585
0.287333
0.279943
0.340523
0.3406718
0.3473071
0.3016782
0.2838282
0.2331572
0.3333843
0.3229898
0.3479613
0.3285653
0.308879
0.2860498
0.299039
0.2820579
0.3358569
0.2841701
0.2664161
0.2108352
0.3005242
0.3478045
0.3829236
0.3756954
0.3186456
0.3511986
0.3502705
0.3857364
0.3617614
0.3611735
0.317108
0.2574176
0.2568195
0.2019789
0.2380595
0.2890472
0.2762407
0.348603
0.3781205
0.3909808
0.3694017
0.3467384
0.3258898
0.2932122
0.2384615
0.204626
0.2108629
0.1937354
0.1783819
0.2348631
0.2304997
0.2337281
0.2493672
0.1927122
0.1929021
0.2618073
0.2846837
0.250625
0.3626335
0.3661094
0.2871108
0.2387419
0.2749233
0.3234521
0.3324463
0.3093249
0.31088
0.2987381
0.3127062
0.250793
0.2335623
0.1685353
0.1620274
0.2588517
0.266732
0.1808802
0.2377389
0.2149437
0.2671708
0.3091781
0.2675921
0.194794
0.2303288
0.2313966
0.271668
0.267715
0.2538178
0.2542255
0.3306508
0.3201867
0.2776468
0.2818132
0.2878107
0.2652067
0.210737
0.3324899
0.2953724
0.3171938
0.3051413
0.2693665
0.3131212
0.2406517
0.2810085
0.2800487
0.2640774
0.3012517
0.3125187
0.3262486
0.3666649
0.3676824
0.3778605
0.3856245
0.3727287
0.345869
0.2850612
0.231663
0.3044868
0.3177688
0.3038018
0.2901094
0.2282275
0.1624487
0.2059203
0.2376577
0.2624713
0.2576311
0.2794132
0.2438034
0.2190945
0.2696235
0.2425348
0.2522077
0.2836316
0.3052739
0.3507552
0.2691163
0.2763984
0.2263458
0.1987259
0.167179
0.1732337
0.2012747
0.226555
0.2488126
0.2267979
0.2367559
0.1995843
0.2430469
0.3002862
0.2733771
0.2874624
0.2424435
0.2362983
0.1854142
0.1285095
0.1771092
0.1571313
0.2663438
0.2369401
0.2586476
0.2863082
0.2887367
0.2508561
0.3336901
0.3632301
0.3862791
0.4134688
0.4319831
0.3675444
0.3955524
0.3501444
0.3833215
0.4075538
0.3491155
0.3946915
0.3984285
0.3893317
0.3433655
0.3681683
0.3804944
0.3856911
0.4024019
0.3746894
0.3737051
0.3749579
0.3523657
0.3358113
0.2549575
0.2112819
0.2234981
0.2802668
0.2501656
0.2454965
0.221629
0.2536202
0.2582169
0.2597223
0.2669643
0.2987997
0.241161
0.2207069
0.1869968
0.1165671
0.2194065
0.2159508
0.2448374
0.3078252
0.3116551
0.2919486
0.3284329
0.2909066
0.2827532
0.2746034
0.2213889
0.2327801
0.2481896
0.2210617
0.2425973
0.2943107
0.267211
0.2487893
0.2122443
0.2308587
0.3193753
0.2682188
0.3110996
0.3374707
0.3192568
0.3194821
0.3485117
0.3927168
0.330658
0.3120698
0.3120569
0.27356
0.3081186
0.3314999
0.3377587
0.3120886
0.2906763
0.2946216
0.3093673
0.341012
0.3815242
0.3615096
0.3987204
0.3941119
0.4120558
0.3947053
0.3971696
0.3071903
0.2979792
0.3305072
0.3042768
0.2480027
0.2216103
0.2219114
0.2869949
0.3276919
0.3282277
0.3232714
0.2966216
0.2840359
0.2515663
0.325311
0.236187
0.2253505
0.2443674
0.3190235
0.3366847
0.3734558
0.383741
0.3727515
0.2953903
0.3491767
0.2000608
0.2423469
0.3372363
0.2773945
0.1694011
0.2209363
0.2413854
0.2658405
0.2774894
0.2771528
0.3722304
0.3214638
0.3479075
0.3647835
0.3270009
0.3173912
0.3434934
0.3301136
0.328946
0.3579633
0.3232823
0.2618522
0.2884013
0.2954979
0.316599
0.2438958
0.1808088
0.2005349
0.2165994
0.2822663
0.332544
0.2809654
0.2461525
0.1856573
0.2167349
0.1967854
0.2353701
0.301682
0.2471463
0.3329307
0.2849169
0.2258891
0.2384537
0.2530244
0.2084992
0.2131627
0.2643382
0.2614056
0.3201068
0.265238
0.2816837
0.2797667
0.296868
0.3242622
0.3189963
0.3467413
0.3751406
0.3655889
0.3349378
0.2722362
0.2857795
0.2937128
0.2806375
0.3797186
0.4086418
0.3735048
0.297086
0.3442112
0.3447375
0.3470097
0.3477348
0.3127774
0.2763268
0.3092664
0.365014
0.3296614
0.2805638
0.1842066
0.2152279
0.2830384
0.2958786
0.300962
0.3245655
0.3401965
0.3987421
0.3011546
0.3601168
0.3508529
0.352682
0.25431
0.2639003
0.2711772
0.3185094
0.2813926
0.2796294
0.2988578
0.3175583
0.2721608
0.2853723
0.3165503
0.3202253
0.2715723
0.3640978
0.3121724
0.330767
0.2542746
0.3041235
0.3108224
0.2355267
0.2422322
0.3164707
0.3180896
0.310265
0.2342976
0.2225685
0.1378093
0.1586567
0.2715426
0.2631447
0.2786933
0.2969828
0.2625803
0.2283655
0.201332
0.2563873
0.2079218
0.2515407
0.2635349
0.2725541
0.2490778
0.255288
0.2869103
0.2869196
0.3033316
0.2981294
0.2603466
0.2650357
0.2955795
0.2949688
0.3068999
0.3399323
0.3207301
0.3735663
0.3503955
0.3579262
0.3983971
0.4129928
0.4008186
0.3670661
0.3541469
0.3736493
0.3457002
0.3347296
0.363755
0.3894697
0.3550345
0.3173531
0.2913403
0.2580444
0.2098168
0.2531456
0.3010194
0.2197595
0.2848815
0.3541124
0.3335927
0.3273478
0.3631064
0.3685432
0.3655847
0.3036194
0.3641302
0.3877933
0.3164809
0.2965276
0.3494396
0.3373885
0.3043143
0.2238661
0.2089857
0.2637435
0.2184194
0.1819214
0.1924654
0.2439454
0.2417988
0.1888846
0.2281384
0.2357356
0.2314025
0.2061156
0.2822012
0.3223749
0.3064913
0.3214138
0.3787736
0.3627103
0.3179473
0.2414639
0.27643
0.2997124
0.366661
0.3590342
0.2974319
0.3380287
0.2955086
0.3735684
0.3620184
0.371008
0.3549841
0.3355857
0.2997542
0.3128113
0.2899289
0.2521497
0.1305493
0.1852985
0.2161064
0.2119951
0.2057596
0.298404
0.2984353
0.3365388
0.4015668
0.3876166
0.3222296
0.3247118
0.3111196
0.3118983
0.3258153
0.3048016
0.2472214
0.2079482
0.2195591
0.2595173
0.2737594
0.2363503
0.2357765
0.2490378
0.2812236
0.3450944
0.3346932
0.2901904
0.2659306
0.1996582
0.1937393
0.1709126
0.2258357
0.2554272
0.2407051
0.2835047
0.3012384
0.3561648
0.3458543
0.3120408
0.3263221
0.3728697
0.3289206
0.2563483
0.2837813
0.1912604
0.2305988
0.2741012
0.2766129
0.2098421
0.2727468
0.2608353
0.1997873
0.3080976
0.3180198
0.281577
0.3521898
0.3485168
0.3450809
0.2895318
0.3164158
0.3368442
0.343905
0.2555189
0.1960448
0.1885249
0.293523
0.243196
0.2022633
0.1182206
0.1574766
0.186629
0.2296722
0.2593759
0.2665208
0.2381593
0.2281296
0.2166437
0.1511195
0.2023058
0.3266481
0.34935
0.3434105
0.309125
0.2702694
0.2325212
0.3341865
0.3143103
0.2391969
0.1511893
0.2307682
0.3058175
0.3065651
0.321728
0.3030234
0.3392809
0.3086346
0.3251781
0.3384877
0.3869599
0.3594609
0.3624651
0.3129883
0.2872606
0.2717428
0.226369
0.2530079
0.2877871
0.2589035
0.2380405
0.2414216
0.2721537
0.2739632
0.2329191
0.2333845
0.277389
0.2460677
0.2523194
0.2921742
0.2807834
0.2890405
0.3122547
0.2448341
0.2246271
0.2758769
0.3229271
0.3283915
0.3393438
0.3318608
0.224866
0.2124176
0.2485942
0.2169341
0.2252437
0.2415677
0.2603206
0.3503218
0.2730737
0.3286673
0.3102741
0.2413704
0.2767643
0.2790422
0.281074
0.3493258
0.3119218
0.2805675
0.1969008
0.3088816
0.2439338
0.2547365
0.325007
0.2722954
0.2471717
0.2226856
0.206997
0.2637731
0.2586989
0.2924995
0.2654335
0.3049755
0.2646023
0.2860243
0.2944716
0.3119079
0.2994705
0.2565077
0.2702329
0.274285
0.2616376
0.3425755
0.3282996
0.354736
0.3984102
0.46733
0.434425
0.4238994
0.4087478
0.4117548
0.4769828
0.4927249
0.5116119
0.4767774
0.3765415
0.3493945
0.2989433
0.314366
0.301227
0.3511016
0.4035465
0.4163279
0.3634777
0.2670358
0.2812432
0.3081494
0.2944626
0.3586921
0.3722912
0.360114
0.2962714
0.3482398
0.2457065
0.1550222
0.2119348
0.177167
0.2658058
0.2572855
0.3082546
0.3920257
0.3930284
0.3708175
0.3613947
0.3179259
0.3249943
0.3086506
0.3040145
0.2958996
0.3261419
0.398063
0.4263902
0.3108691
0.3254821
0.343788
0.4115463
0.4259088
0.38097
0.3408465
0.2887372
0.2582018
0.239598
0.2554689
0.2692939
0.2467813
0.2582585
0.2581436
0.2089323
0.1648664
0.2575288
0.2699997
0.2920114
0.274755
0.2178626
0.2795339
0.2805298
0.368432
0.3172311
0.2812304
0.2633937
0.2750899
0.2894937
0.2484847
0.2247857
0.2991019
0.3498661
0.3285604
0.3646843
0.4223815
0.3963248
0.3554773
0.3577028
0.3508011
0.3719024
0.3217336
0.3179023
0.329284
0.3229818
0.2913096
0.2782245
0.3088481
0.2770756
0.2775511
0.2236127
0.2537752
0.3243239
0.3246579
0.4196751
0.3917503
0.3495063
0.3167552
0.2383258
0.2552301
0.2341084
0.2514151
0.3088843
0.3442004
0.3410767
0.3929081
0.2982586
0.3128516
0.2513042
0.2607126
0.3061132
0.2878165
0.2698254
0.322528
0.3008034
0.3222128
0.2808176
0.274625
0.2842187
0.286649
0.2892514
0.298941
0.2093712
0.2197407
0.1617251
0.2423132
0.2396481
0.2424611
0.2184641
0.2499865
0.2727083
0.2544756
0.2941427
0.2798401
0.1844877
0.203498
0.1765518
0.1093143
0.1641346
0.2366881
0.2403495
0.1892233
0.1523871
0.1231039
0.0762121
0.1234508
0.172815
0.1823454
0.2068723
0.2620311
0.2265353
0.2985286
0.2641568
0.233318
0.199323
0.2195703
0.1425243
0.2559001
0.2215327
0.2952454
0.3609944
0.3729603
0.3033363
0.350307
0.2766858
0.3182428
0.2952995
0.2334605
0.2722177
0.4053872
0.3664863
0.3364142
0.3794041
0.3322962
0.3366802
0.3942783
0.3946936
0.3874635
0.3552327
0.3915401
0.3579322
0.3387791
0.3349835
0.3980528
0.402322
0.3147182
0.2992288
0.2613552
0.2646032
0.2896963
0.2944989
0.3007607
0.3947876
0.293198
0.2349344
0.2160545
0.2632275
0.2799145
0.3074768
0.3114711
0.3626219
0.4029413
0.3895296
0.3510725
0.3358126
0.3228554
0.3520984
0.3415247
0.2866756
0.2794074
0.3176279
0.3176864
0.3311334
0.3678611
0.4050698
0.3663729
0.3322416
0.3812575
0.4041624
0.392608
0.3711125
0.3159825
0.3423263
0.3446679
0.2973275
0.2385868
0.1856113
0.2076612
0.1848157
0.243757
0.2689112
0.3175294
0.2906802
0.3215912
0.2842844
0.23283
0.2062507
0.2038704
0.2262947
0.277768
0.2778731
0.2646672
0.2459475
0.3254031
0.3822722
0.3903527
0.3173392
0.3967787
0.4052409
0.2790339
